CollectionTime,7/11/2024 12:57:49 PM
ExposureUsed,3
CalibratedSpectrum
-962.7078968117929,455
-959.9714848408522,462
-957.2358232597828,480
-954.5009119013725,475
-951.7667505983302,466
-949.0333391832855,474
-946.3006774887896,501
-943.5687653473143,489
-940.837602591253,516
-938.1071890529199,477
-935.3775245645503,471
-932.6486089583007,485
-929.9204420662485,515
-927.1930237203925,507
-924.4663537526524,480
-921.7404319948689,490
-919.0152582788041,502
-916.2908324361409,555
-913.5671542984834,550
-910.8442236973568,493
-908.1220404642074,509
-905.4006044304027,523
-902.679915427231,500
-899.959973285902,471
-897.2407778375464,503
-894.5223289132158,483
-891.8046263438832,488
-889.0876699604426,465
-886.3714595937089,479
-883.6559950744183,488
-880.9412762332282,465
-878.2273029007168,478
-875.5140749073835,492
-872.8015920836489,499
-870.0898542598545,459
-867.3788612662631,466
-864.6686129330585,499
-861.9591090903457,481
-859.2503495681506,459
-856.5423341964203,462
-853.8350628050229,489
-851.1285352237478,478
-848.4227512823054,451
-845.7177108103272,476
-843.0134136373656,469
-840.3098595928943,488
-837.6070485063082,507
-834.9049802069229,505
-832.2036545239757,484
-829.5030712866244,486
-826.8032303239481,487
-824.1041314649472,518
-821.4057745385428,499
-818.7081593735775,515
-816.0112857988148,485
-813.3151536429393,494
-810.6197627345566,485
-807.9251129021936,505
-805.2312039742981,487
-802.5380357792392,468
-799.8456081453069,466
-797.1539209007124,482
-794.462973873588,499
-791.772766891987,511
-789.083299783884,498
-786.3945723771743,489
-783.7065844996748,491
-781.0193359791231,466
-778.3328266431781,507
-775.6470563194197,495
-772.9620248353489,501
-770.2777320183878,487
-767.5941776958798,484
-764.9113616950891,534
-762.2292838432011,539
-759.5479439673222,509
-756.8673418944801,495
-754.1874774516235,498
-751.5083504656222,504
-748.8299607632671,505
-746.15230817127,530
-743.475392516264,530
-740.7992136248035,511
-738.1237713233636,525
-735.4490654383407,501
-732.7750957960521,526
-730.1018622227365,530
-727.4293645445534,502
-724.7576025875837,514
-722.0865761778291,535
-719.4162851412126,532
-716.7467293035781,525
-714.0779084906909,542
-711.409822528237,534
-708.7424712418238,511
-706.0758544569796,521
-703.4099719991541,556
-700.7448236937178,583
-698.0804093659622,568
-695.4167288411002,523
-692.7537819442656,525
-690.0915685005134,518
-687.4300883348199,499
-684.7693412720819,538
-682.1093271371178,533
-679.4500457546669,522
-676.7914969493897,550
-674.1336805458676,550
-671.4765963686034,516
-668.8202442420206,563
-666.1646239904642,521
-663.5097354382001,563
-660.8555784094151,570
-658.2021527282176,530
-655.5494582186366,559
-652.8974947046223,549
-650.2462620100463,563
-647.5957599587009,538
-644.9459883742998,573
-642.2969470804776,566
-639.6486359007902,565
-637.0010546587141,612
-634.3542031776476,586
-631.7080812809096,568
-629.0626887917401,577
-626.4180255333008,590
-623.7740913286734,607
-621.1308860008619,596
-618.4884093727904,595
-615.8466612673046,609
-613.2056415071715,575
-610.5653499150785,557
-607.9257863136347,597
-605.28695052537,589
-602.6488423727357,584
-600.0114616781036,579
-597.3748082637674,592
-594.7388819519412,585
-592.1036825647604,656
-589.4692099242818,702
-586.8354638524829,623
-584.2024441712624,612
-581.5701507024403,605
-578.9385832677575,633
-576.3077416888759,627
-573.6776257873787,621
-571.0482353847704,588
-568.4195703024757,637
-565.7916303618415,616
-563.164415384135,625
-560.5379251905453,618
-557.9121596021815,619
-555.2871184400748,675
-552.6628015251767,671
-550.0392086783606,634
-547.4163397204204,628
-544.794194472071,609
-542.1727727539491,640
-539.5520743866118,659
-536.9320991905377,716
-534.3128469861261,698
-531.6943175936979,743
-529.0765108334947,755
-526.4594265256793,786
-523.8430644903358,887
-521.2274245474689,971
-518.612506517005,1043
-515.9983102187913,1034
-513.3848354725959,1083
-510.77208209810846,1119
-508.16004991493924,1305
-505.5487387426199,1571
-502.9381484006032,1651
-500.3282787082628,1641
-497.71912948489364,1538
-495.1107005497117,1537
-492.5029917218539,1292
-489.8960028203786,1126
-487.28973366426493,947
-484.68418407241325,889
-482.07935386364494,866
-479.47524285670266,819
-476.87185087025,810
-474.2691777228715,815
-471.66722323307334,749
-469.0659872192821,782
-466.4654694998459,799
-463.86566989303384,774
-461.26658821703614,758
-458.66822428996414,778
-456.07057792985,791
-453.4736489546475,795
-450.877437182231,737
-448.28194243039627,733
-445.68716451686,748
-443.09310325926003,756
-440.49975847515555,768
-437.9071299820263,722
-435.31521759727354,710
-432.72402113821954,793
-430.13354042210767,787
-427.5437752661022,818
-424.95472548728867,801
-422.36639090267386,802
-419.7787713291855,856
-417.1918665836721,903
-414.60567648290385,898
-412.0202008435715,865
-409.4354394822874,848
-406.8513922155845,855
-404.26805885991723,869
-401.685439231661,847
-399.103533147112,855
-396.522340422488,820
-393.9418608739278,831
-391.3620943174908,845
-388.7830405691583,870
-386.2046994448317,805
-383.6270707603344,756
-381.05015433141045,704
-378.473949973725,703
-375.8984575028645,691
-373.32367673433623,654
-370.74960748356875,622
-368.1762495659117,677
-365.60360279663576,569
-363.03166699093265,540
-360.4604419639154,527
-357.8899275306178,488
-355.32012350599507,501
-352.7510297049233,495
-350.1826459421999,461
-347.61497203254316,468
-345.04800779059235,465
-342.4817530309082,486
-339.91620756797226,489
-337.35137121618743,526
-334.7872437898774,599
-332.22382510328725,569
-329.66111497058273,506
-327.09911320585127,477
-324.53781962310075,503
-321.9772340362607,518
-319.4173562591816,473
-316.8581861056348,480
-314.2997233893127,498
-311.7419679238294,453
-309.1849195227194,469
-306.62857799943856,519
-304.0729431673641,546
-301.51801483979375,583
-298.963792829947,552
-296.41027695096386,559
-293.85746701590574,578
-291.3053628377552,572
-288.7539642294155,563
-286.2032710037115,602
-283.65328297338897,595
-281.1039999511146,614
-278.5554217494762,657
-276.007548180983,597
-273.4603790580651,570
-270.9139141930734,535
-268.3681533982807,542
-265.8230964858798,560
-263.27874326798565,614
-260.7350935566336,636
-258.1921471637804,616
-255.6499039013039,575
-253.10836358100266,562
-250.56752601459698,616
-248.02739101372765,643
-245.48795838995704,649
-242.94922795476816,638
-240.41119951956557,630
-237.8738728956746,613
-235.33724789434166,633
-232.80132432673452,618
-230.2661020039418,597
-227.73158073697357,582
-225.19776033676033,647
-222.66464061415422,696
-220.1322213799284,668
-217.60050244477725,631
-215.06948361931552,629
-212.53916471408013,674
-210.00954553952818,706
-207.48062590603843,681
-204.9524056239104,643
-202.4248845033651,701
-199.8980623545441,721
-197.37193898751036,745
-194.84651421224817,776
-192.32178783866232,780
-189.79775967657952,806
-187.27442953574644,866
-184.7517972258321,849
-182.2298625564256,866
-179.7086253370378,834
-177.18808537710026,805
-174.66824248596583,810
-172.14909647290835,770
-169.6306471471229,798
-167.11289431772548,820
-164.59583779375328,865
-162.07947738416453,835
-159.5638128978386,859
-157.04884414357605,978
-154.53457093009854,1124
-152.02099306604828,986
-149.50811035998936,828
-146.99592262040665,889
-144.48442965570587,883
-141.97363127421409,868
-139.46352728417958,910
-136.95411749377126,949
-134.44540171107985,890
-131.93737974411636,853
-129.43005140081357,958
-126.92341648902493,1194
-124.41747481652521,1367
-121.91222619101006,1621
-119.40767042009657,2049
-116.90380731132257,2608
-114.40063667214702,2507
-111.8981583099503,2492
-109.3963720320337,1910
-106.89527764561933,1842
-104.39487495785067,1712
-101.89516377579241,2763
-99.39614390642998,3715
-96.89781515667039,4321
-94.40017733334128,3693
-91.90323024319173,3295
-89.40697369289148,4102
-86.91140748903172,6918
-84.41653143812482,8656
-81.92234534660395,6847
-79.42884902082358,5156
-76.93604226705907,8033
-74.4439248915071,15999
-71.95249670028534,26309
-69.46175749943245,34069
-66.97170709490854,34519
-64.48234529259423,28201
-61.99367189829195,20898
-59.50568671772464,16799
-57.01838955653636,13838
-54.53178022029283,9896
-52.045858514480074,8261
-49.560624244506016,9409
-47.07607721569923,9910
-44.59221723330904,9911
-42.10904410250669,9534
-39.62655762838392,7896
-37.14475761595372,7030
-34.66364387015028,6229
-32.18321619582866,6195
-29.70347439776515,7048
-27.224418280657005,6846
-24.74604764912317,8215
-22.26836230770266,13332
-19.7913620608565,26356
-17.315046712966478,47494
-14.83941606833514,62493
-12.36446993118659,65038
-9.89020810566592,65038
-7.416630395839093,65038
-4.94373660569363,65038
-2.471526539137585,65038
-6.821210263296962E-13,65038
2.47084320796705,65038
4.941003281093458,65038
7.410480415786196,65038
9.879274808531363,65038
12.347386655893956,65038
14.814816154518212,65038
17.28156350112681,65038
19.74762889252179,65038
22.21301252558385,65038
24.67771459727237,20912
27.141735304626195,4192
29.605074844762612,2947
32.06773341487792,3071
34.52971121224755,3099
36.99100843422559,3089
39.45162527824516,2795
41.91156194181792,1883
44.370818622535126,1737
46.82939551806646,1528
49.287292826160524,1672
51.74451074464503,2285
54.201049471426245,2713
56.65690920448981,2219
59.112090141899785,1607
61.56659248179983,1725
64.02041642241159,1547
66.4735621620365,1399
68.92602989905402,1320
71.37781983192338,1279
73.82893215918205,1346
76.27936707944684,1429
78.72912479141326,1327
81.17820549385567,1465
83.62660938562783,1706
86.07433666566146,1625
88.5213875329681,1031
90.96776218663751,925
93.41346082583925,991
95.85848364982041,1163
98.30283085790859,1264
100.7465026495089,1289
103.18949922410604,1242
105.63182078126385,1171
108.07346752062438,1079
110.51443964190923,939
112.95473734491827,853
115.39436082953114,960
117.83331029570547,992
120.27158594347827,939
122.7091879729652,1123
125.1461165843615,1165
127.58237197794062,1002
130.01795435405518,866
132.4528639131364,1016
134.88710085569494,1016
137.32066538231982,976
139.75355769367923,973
142.1857779905207,1036
144.61732647366978,918
147.04820334403132,865
149.47840880258934,847
151.90794305040674,936
154.33680628862487,1118
156.76499871846443,1276
159.19252054122433,1238
161.61937195828352,1335
164.04555317109896,1407
166.47106438120693,1562
168.89590579022217,1735
171.320077599839,1800
173.7435800118302,1960
176.16641322804742,1943
178.58857745042144,2098
181.01007288096173,2210
183.43089972175687,2217
185.85105817497413,2202
188.27054844285988,1996
190.6893707277394,2036
193.10752523201643,2034
195.5250121581745,2113
197.9418317087751,2107
200.3579840864594,2115
202.7734694939469,2160
205.18828813403627,2200
207.6024402096051,2298
210.01592592360964,2465
212.42874547908548,2324
214.84089907914665,2264
217.2523869269868,2344
219.66320922587727,2239
222.0733661791695,2255
224.48285799029293,2231
226.8916848627572,2179
229.29984700014882,2273
231.7073446061355,2397
234.11417788446204,2362
236.520347038953,2219
238.92585227351185,2275
241.33069379212054,2254
243.73487179884035,2345
246.1383864978112,2358
248.541238093252,2347
250.9434267894609,2345
253.34495279081432,2350
255.74581630176783,2301
258.1460175268563,2229
260.54555667069314,2227
262.9444339379703,2337
265.3426495334594,2281
267.7402036620107,2389
270.1370965285529,2430
272.53332833809407,2353
274.9288992957214,2229
277.32380960660055,2333
279.718059475976,2326
282.1116491091717,2352
284.5045787115897,2296
286.89684848871195,2247
289.2884586460981,2286
291.67940938938807,2296
294.0697009242996,2353
296.4593334566299,2403
298.84830719225477,2255
301.23662233712923,2273
303.6242790972866,2283
306.01127767884,2273
308.39761828798066,2168
310.78330113097934,2157
313.16832641418534,2256
315.5526943440269,2083
317.9364051270112,2086
320.3194589697242,2166
322.70185607883093,2187
325.0835966610754,2134
327.4646809232805,2102
329.8451090723478,2080
332.2248813152577,2058
334.6039978590701,2005
336.9824589109231,2096
339.36026467803447,2027
341.7374153677,1990
344.113911187295,2000
346.48975234427337,1939
348.8649390461686,1904
351.2394715005918,1977
353.61334991523415,1913
355.9865744978655,1982
358.35914545633375,1979
360.73106299856715,1970
363.10232733257146,1895
365.47293866643247,1953
367.84289720831396,1886
370.2122031664593,1903
372.5808567491905,1980
374.9488581649083,1914
377.31620762209275,1857
379.6829053293021,1890
382.0489514951745,1809
384.4143463284262,1911
386.7790900378528,1823
389.14318283232853,1847
391.50662492080653,1912
393.86941651231916,1832
396.23155781597745,1904
398.5930490409713,1845
400.9538903965696,1859
403.3140820921202,1798
405.6736243370498,1886
408.03251734086336,1791
410.3907613131465,1821
412.74835646356166,1793
415.10530300185144,1787
417.4616011378372,1808
419.81725108141893,1752
422.1722530425758,1834
424.5266072313656,1802
426.880313857925,1757
429.2333731324701,1789
431.58578526529516,1790
433.9375504667738,1725
436.2886689473588,1812
438.63914091758113,1748
440.9889665880513,1763
443.33814616945835,1711
445.68667987257015,1719
448.03456790823395,1716
450.3818104873759,1709
452.72840782100013,1658
455.07436012019105,1704
457.41966759611057,1717
459.7643304600007,1807
462.10834892318155,1741
464.4517231970525,1711
466.79445349309174,1689
469.1365400228566,1755
471.4779829979826,1811
473.81878263018564,1742
476.15893913125876,1780
478.4984527130747,1820
480.8373235875855,1790
483.17555196682144,1853
485.5131380628919,1916
487.8500820879857,2028
490.1863842543697,2158
492.52204477439034,2255
494.8570638604725,2462
497.1914417251204,2869
499.52517858091653,3212
501.85827464052306,3548
504.19073011668036,3738
506.5225452222086,3725
508.85372017000566,3594
511.18425517304956,3532
513.514150444396,3496
515.8434061971808,3895
518.1720226446176,4351
520.4999999999999,4668
522.8273384766991,4233
525.1540382881666,3910
527.480099647932,3478
529.8055227696037,2995
532.1303078668694,2503
534.454455153496,2095
536.777964843328,1970
539.1008371502907,1831
541.4230722883866,1822
543.744670471698,1804
546.0656319143858,1844
548.3859568306899,1866
550.7056454349294,1830
553.0246979415016,1779
555.3431145648834,1770
557.6608955196306,1850
559.978041020377,1758
562.2945512818363,1723
564.6104265188006,1772
566.9256669461412,1779
569.2402727788082,1772
571.5542442318302,1775
573.8675815203156,1796
576.1802848594508,1830
578.4923544645015,1824
580.8037905508126,1914
583.114593333807,1810
585.4247630289875,1792
587.7342998519354,1772
590.0432040183106,1752
592.3514757438526,1874
594.6591152443794,1823
596.9661227357875,1801
599.2724984340531,1767
601.578242555231,1850
603.8833553154542,1830
606.1878369309362,1828
608.4916876179676,1806
610.7949075929192,1802
613.0974970722403,1802
615.3994562724587,1793
617.7007854101818,1778
620.0014847020951,1844
622.3015543649641,1783
624.6009946156324,1792
626.8998056710224,1886
629.1979877481361,1817
631.4955410640538,1830
633.7924658359349,1868
636.0887622810175,1804
638.3844306166192,1807
640.6794710601358,1784
642.9738838290426,1827
645.2676691408932,1853
647.5608272133207,1843
649.853358264037,1850
652.1452625108324,1860
654.4365401715764,1818
656.7271914642178,1833
659.0172166067838,1832
661.3066158173809,1794
663.5953893141935,1806
665.8835373154867,1769
668.1710600396028,1830
670.4579577049639,1793
672.7442305300709,1823
675.0298787335033,1780
677.3149025339197,1816
679.599302150058,1798
681.8830778007342,1746
684.1662297048437,1854
686.4487580813608,1820
688.7306631493387,1798
691.0119451279091,1833
693.2926042362834,1832
695.5726406937516,1850
697.8520547196814,1764
700.1308465335215,1770
702.4090163547982,1796
704.6865644031171,1803
706.9634908981619,1776
709.2397960596965,1767
711.5154801075631,1851
713.7905432616823,1787
716.0649857420548,1857
718.3388077687592,1802
720.612009561953,1767
722.8845913418733,1801
725.1565533288352,1808
727.427895743234,1856
729.6986188055427,1849
731.9687227363137,1823
734.238207756178,1754
736.5070740858458,1709
738.7753219461066,1854
741.0429515578281,1843
743.3099631419569,1850
745.5763569195191,1784
747.8421331116193,1872
750.1072919394409,1800
752.3718336242467,1775
754.6357583873777,1822
756.8990664502545,1895
759.1617580343765,1822
761.423833361321,1863
763.6852926527457,1777
765.9461361303862,1816
768.206364016058,1862
770.4659765316536,1904
772.7249738991469,1838
774.9833563405886,1843
777.2411240781092,1872
779.4982773339183,1808
781.7548163303044,1823
784.010741289634,1834
786.2660524343538,1984
788.5207499869881,1958
790.7748341701416,1858
793.0283052064964,1844
795.2811633188143,1901
797.5334087299362,1848
799.7850416627813,1926
802.0360623403484,1840
804.2864709857143,1858
806.5362678220353,1867
808.7854530725468,1879
811.0340269605625,1896
813.2819897094754,1862
815.5293415427581,1813
817.77608268396,1840
820.0222133567116,1860
822.2677337847211,1902
824.5126441917765,1879
826.7569448017433,1940
829.0006358385675,1850
831.2437175262731,1890
833.4861900889629,1840
835.7280537508192,1782
837.9693087361026,1834
840.2099552691533,1828
842.4499935743896,1870
844.689423876309,1840
846.9282463994886,1842
849.1664613685833,1900
851.4040690083276,1900
853.6410695435349,1884
855.877463199097,1861
858.1132501999847,1877
860.3484307712487,1833
862.5830051380175,1893
864.8169735254988,1907
867.0503361589791,1907
869.2830932638243,1849
871.5152450654786,1929
873.7467917894654,1922
875.9777336613873,1861
878.2080709069252,1922
880.4378037518389,1869
882.666932421968,1905
884.8954571432301,1932
887.1233781416219,1837
889.3506956432192,1886
891.5774098741766,1946
893.803521060728,1972
896.0290294291852,1946
898.2539352059397,1977
900.4782386174619,1951
902.7019398903011,2005
904.925039251085,1894
907.147536926521,1980
909.3694331433943,1942
911.59072812857,1865
913.8114221089921,1893
916.0315153116827,1964
918.2510079637437,1871
920.4699002923547,1846
922.6881925247761,1884
924.905884888345,1882
927.1229776104793,1853
929.3394709186747,1830
931.555365040506,1847
933.7706602036275,1798
935.9853566357709,1838
938.1994545647489,1813
940.4129542184515,1927
942.6258558248488,1884
944.8381596119883,1806
947.0498658079974,1846
949.2609746410825,1833
951.4714863395287,1851
953.6814011316998,1883
955.8907192460387,1846
958.0994409110671,1818
960.3075663553858,1817
962.5150958076741,1751
964.7220294966913,1865
966.928367651274,1871
969.1341105003388,1815
971.3392582728806,1818
973.5438111979742,1733
975.747769504772,1684
977.9511334225061,1721
980.153903180487,1750
982.3560790081052,1755
984.5576611348289,1718
986.7586497902058,1648
988.9590452038618,1732
991.158847605503,1694
993.3580572249133,1700
995.5566742919558,1647
997.7546990365728,1610
999.952131688785,1608
1002.1489724786926,1558
1004.3452216364743,1586
1006.5408793923874,1579
1008.7359459767691,1527
1010.9304216200343,1529
1013.1243065526781,1562
1015.3176010052733,1573
1017.510305208472,1485
1019.7024193930064,1555
1021.8939437896848,1493
1024.0848786293977,1545
1026.2752241431122,1453
1028.4649805618747,1480
1030.6541481168115,1527
1032.842727039127,1434
1035.0307175601051,1426
1037.2181199111074,1429
1039.4049343235752,1456
1041.591161029029,1464
1043.7768002590683,1468
1045.9618522453698,1498
1048.1463172196918,1414
1050.3301954138697,1492
1052.513487059818,1495
1054.69619238953,1491
1056.8783116350783,1456
1059.0598450286152,1430
1061.2407928023704,1466
1063.4211551886528,1412
1065.6009324198508,1435
1067.780124728432,1479
1069.9587323469414,1457
1072.1367555080046,1376
1074.314194444325,1395
1076.4910493886855,1460
1078.667320573947,1454
1080.843008233051,1424
1083.0181125990161,1450
1085.1926339049414,1398
1087.3665723840027,1360
1089.5399282694575,1401
1091.7127017946405,1446
1093.8848931929647,1414
1096.0565026979243,1417
1098.2275305430899,1423
1100.3979769621128,1385
1102.567842188722,1386
1104.737126456726,1412
1106.9058300000124,1386
1109.0739530525475,1388
1111.2414958483764,1366
1113.4084586216231,1349
1115.5748416064907,1358
1117.7406450372605,1359
1119.9058691482942,1387
1122.0705141740304,1384
1124.2345803489884,1353
1126.3980679077658,1339
1128.5609770850388,1385
1130.7233081155623,1326
1132.8850612341707,1380
1135.0462366757774,1337
1137.2068346753745,1390
1139.3668554680326,1322
1141.526299288901,1300
1143.68516637321,1314
1145.8434569562655,1339
1148.001171273455,1371
1150.158309560244,1344
1152.3148720521767,1338
1154.470858984876,1341
1156.626270594044,1353
1158.7811071154629,1383
1160.9353687849912,1364
1163.089055838569,1392
1165.242168512213,1359
1167.3947070420209,1316
1169.5466716641677,1351
1171.6980626149075,1326
1173.8488801305748,1323
1175.9991244475814,1273
1178.1487958024186,1368
1180.2978944316555,1311
1182.4464205719428,1333
1184.5943744600072,1318
1186.7417563326567,1321
1188.8885664267755,1302
1191.0348049793297,1302
1193.1804722273619,1269
1195.325568407995,1350
1197.4700937584303,1290
1199.614048515948,1322
1201.7574329179074,1308
1203.900247201746,1369
1206.042491604982,1342
1208.1841663652099,1278
1210.3252717201053,1295
1212.465807907422,1337
1214.6057751649923,1298
1216.7451737307279,1382
1218.8840038426192,1302
1221.0222657387353,1315
1223.1599596572241,1297
1225.2970858363137,1305
1227.4336445143094,1349
1229.5696359295966,1282
1231.705060320639,1298
1233.8399179259786,1325
1235.9742089842384,1292
1238.107933734118,1403
1240.2410924143974,1353
1242.373685263935,1322
1244.5057125216676,1354
1246.6371744266116,1339
1248.7680712178621,1385
1250.898403134593,1281
1253.028170416058,1345
1255.1573733015875,1378
1257.2860120305932,1345
1259.4140868425648,1367
1261.54159797707,1363
1263.6685456737569,1320
1265.7949301723515,1296
1267.9207517126597,1304
1270.046010534565,1331
1272.1707068780306,1421
1274.2948409830983,1340
1276.4184130898889,1364
1278.541423438603,1356
1280.6638722695184,1345
1282.785759822993,1372
1284.9070863394636,1322
1287.0278520594447,1373
1289.1480572235314,1373
1291.2677020723963,1415
1293.3867868467923,1424
1295.5053117875495,1359
1297.623277135579,1379
1299.740683131868,1398
1301.8575300174857,1375
1303.973818033578,1414
1306.0895474213703,1382
1308.2047184221678,1403
1310.3193312773528,1390
1312.4333862283888,1385
1314.5468835168163,1438
1316.659823384255,1384
1318.7722060724045,1392
1320.8840318230418,1441
1322.9953008780249,1393
1325.1060134792888,1392
1327.2161698688478,1357
1329.3257702887959,1432
1331.4348149813054,1366
1333.5433041886276,1383
1335.6512381530933,1406
1337.7586171171101,1379
1339.8654413231675,1403
1341.9717110138317,1425
1344.0774264317488,1393
1346.1825878196432,1429
1348.2871954203192,1328
1350.3912494766587,1367
1352.4947502316231,1390
1354.5976979282532,1387
1356.7000928096686,1413
1358.8019351190665,1398
1360.9032250997243,1350
1363.0039629949988,1361
1365.1041490483235,1379
1367.2037835032133,1373
1369.3028666032606,1337
1371.401398592137,1377
1373.4993797135926,1343
1375.5968102114575,1421
1377.6936903296396,1402
1379.7900203121262,1406
1381.8858004029835,1372
1383.9810308463561,1371
1386.075711886469,1418
1388.1698437676241,1383
1390.2634267342032,1427
1392.356461030667,1356
1394.4489469015557,1392
1396.5408845914872,1343
1398.6322743451592,1427
1400.7231164073469,1412
1402.813411022907,1381
1404.903158436773,1395
1406.9923588939578,1430
1409.0810126395531,1470
1411.1691199187303,1445
1413.2566809767386,1371
1415.343696058907,1440
1417.4301654106425,1456
1419.5160892774315,1405
1421.6014679048399,1412
1423.6863015385125,1414
1425.7705904241707,1466
1427.8543348076178,1464
1429.9375349347342,1426
1432.0201910514802,1397
1434.102303403894,1396
1436.1838722380944,1499
1438.2648978002767,1397
1440.3453803367174,1429
1442.4253200937692,1478
1444.5047173178677,1456
1446.5835722555234,1447
1448.6618851533285,1482
1450.739656257952,1502
1452.8168858161434,1492
1454.8935740747306,1455
1456.96972128062,1494
1459.045327680797,1546
1461.120393522327,1471
1463.1949190523528,1505
1465.2689045180973,1509
1467.3423501668608,1481
1469.415256246024,1569
1471.4876230030463,1594
1473.559450685465,1572
1475.6307395408976,1557
1477.7014898170391,1621
1479.771701761665,1612
1481.8413756226287,1584
1483.9105116478618,1611
1485.9791100853772,1611
1488.0471711832643,1590
1490.1146951896926,1610
1492.1816823529098,1623
1494.2481329212433,1620
1496.3140471430984,1660
1498.3794252669609,1635
1500.4442675413939,1653
1502.5085742150404,1718
1504.572345536622,1717
1506.6355817549388,1648
1508.6982831188702,1713
1510.7604498773744,1674
1512.8220822794883,1659
1514.8831805743293,1696
1516.9437450110909,1667
1519.003775839048,1737
1521.0632733075522,1729
1523.1222376660367,1675
1525.1806691640113,1687
1527.2385680510652,1752
1529.2959345768668,1810
1531.3527689911643,1772
1533.4090715437833,1724
1535.4648424846291,1787
1537.5200820636855,1712
1539.5747905310159,1852
1541.6289681367616,1859
1543.6826151311434,1880
1545.7357317644614,1842
1547.7883182870937,1834
1549.8403749494987,1834
1551.8919020022113,1834
1553.9428996958477,1905
1555.9933682811015,1896
1558.0433080087469,1905
1560.0927191296346,1984
1562.1416018946961,1951
1564.1899565549415,1977
1566.2377833614592,2079
1568.2850825654164,2005
1570.3318544180606,2005
1572.3780991707158,1996
1574.423817074788,2034
1576.4690083817595,2030
1578.5136733431923,1942
1580.5578122107272,1931
1582.601425236085,1858
1584.6445126710646,1895
1586.6870747675434,1755
1588.7291117774776,1681
1590.7706239529034,1707
1592.8116115459347,1741
1594.8520748087658,1652
1596.8920139936686,1639
1598.9314293529933,1637
1600.9703211391711,1585
1603.008689604711,1569
1605.0465350022005,1574
1607.0838575843068,1525
1609.1206576037753,1514
1611.1569353134305,1508
1613.1926909661765,1519
1615.2279248149953,1496
1617.2626371129481,1499
1619.2968281131757,1487
1621.3304980688963,1438
1623.3636472334088,1412
1625.39627586009,1474
1627.428384202396,1418
1629.459972513861,1458
1631.4910410480993,1510
1633.5215900588028,1422
1635.551619799744,1498
1637.5811305247717,1433
1639.6101224878166,1457
1641.6385959428862,1394
1643.6665511440683,1433
1645.693988345528,1498
1647.7209078015112,1423
1649.7473097663405,1428
1651.7731944944203,1430
1653.7985622402307,1422
1655.823413258333,1351
1657.847747803366,1436
1659.8715661300494,1414
1661.8948684931793,1385
1663.9176551476316,1352
1665.9399263483624,1454
1667.9616823504057,1468
1669.982923408873,1451
1672.0036497789574,1379
1674.0238617159293,1396
1676.043559475138,1347
1678.0627433120121,1409
1680.081413482059,1397
1682.0995702408654,1429
1684.117213844096,1365
1686.134344547495,1395
1688.1509626068864,1363
1690.1670682781705,1347
1692.182661817329,1376
1694.1977434804217,1452
1696.2123135235875,1429
1698.226372203043,1443
1700.2399197750851,1381
1702.2529564960905,1423
1704.2654826225112,1467
1706.277498410882,1461
1708.2890041178139,1383
1710.2999999999988,1398
1712.3104863142066,1379
1714.3204633172854,1422
1716.329931266163,1448
1718.3388904178469,1367
1720.3473410294214,1414
1722.3552833580516,1410
1724.3627176609807,1407
1726.3696441955308,1366
1728.3760632191033,1420
1730.3819749891782,1373
1732.3873797633146,1437
1734.3922777991502,1471
1736.3966693544012,1406
1738.4005546868639,1373
1740.4039340544127,1313
1742.406807715001,1362
1744.4091759266616,1391
1746.4110389475054,1400
1748.4123970357223,1351
1750.413250449582,1398
1752.4135994474318,1416
1754.4134442876993,1374
1756.4127852288902,1388
1758.4116225295893,1392
1760.4099564484595,1395
1762.407787244244,1400
1764.405115175764,1399
1766.4019405019203,1341
1768.3982634816916,1393
1770.3940843741357,1439
1772.3894034383907,1383
1774.3842209336717,1391
1776.378537119274,1366
1778.372352254571,1382
1780.3656665990156,1358
1782.3584804121397,1366
1784.3507939535534,1333
1786.3426074829463,1356
1788.3339212600863,1343
1790.3247355448211,1362
1792.3150505970766,1381
1794.3048666768573,1401
1796.2941840442477,1345
1798.2830029594106,1441
1800.2713236825884,1402
1802.2591464741004,1380
1804.2464715943465,1372
1806.2332993038058,1384
1808.2196298630352,1406
1810.2054635326708,1407
1812.190800573428,1382
1814.175641246101,1368
1816.1599858115628,1406
1818.1438345307652,1390
1820.127187664738,1408
1822.1100454745924,1412
1824.092408221516,1360
1826.0742761667766,1319
1828.055649571721,1388
1830.0365286977735,1374
1832.0169138064398,1370
1833.9968051593014,1380
1835.9762030180214,1371
1837.9551076443408,1368
1839.9335193000788,1409
1841.9114382471344,1375
1843.888864747485,1378
1845.8657990631878,1320
1847.842241456378,1327
1849.8181921892697,1336
1851.7936515241558,1372
1853.7686197234098,1282
1855.7430970494815,1366
1857.7170837649014,1415
1859.6905801322787,1385
1861.6635864143004,1427
1863.6361028737338,1383
1865.608129773424,1431
1867.5796673762961,1362
1869.5507159453537,1367
1871.521275743678,1321
1873.4913470344313,1339
1875.4609300808534,1425
1877.4300251462632,1392
1879.3986324940588,1407
1881.366752387717,1375
1883.3343850907936,1457
1885.3015308669228,1431
1887.268189979819,1380
1889.2343626932739,1425
1891.2000492711595,1365
1893.1652499774254,1414
1895.1299650761011,1399
1897.0941948312952,1399
1899.0579395071945,1401
1901.0211993680641,1466
1902.98397467825,1366
1904.9462657021745,1372
1906.9080727043415,1442
1908.869395949332,1372
1910.8302357018065,1389
1912.790592226504,1391
1914.7504657882428,1399
1916.7098566519212,1412
1918.6687650825133,1455
1920.6271913450764,1416
1922.5851357047422,1411
1924.5425984267245,1325
1926.499579776314,1382
1928.4560800188833,1346
1930.4120994198802,1452
1932.367638244833,1388
1934.32269675935,1409
1936.2772752291175,1458
1938.231373919899,1404
1940.1849930975404,1416
1942.1381330279637,1396
1944.0907939771696,1371
1946.0429762112412,1383
1947.9946799963363,1370
1949.9459055986945,1387
1951.896653284633,1398
1953.8469233205478,1396
1955.7967159729142,1359
1957.7460315082863,1360
1959.6948701932974,1391
1961.6432322946594,1364
1963.5911180791632,1391
1965.5385278136787,1358
1967.4854617651545,1377
1969.4319202006182,1374
1971.377903387176,1330
1973.3234115920136,1394
1975.268445082395,1370
1977.2130041256642,1371
1979.1570889892423,1438
1981.1006999406304,1391
1983.04383724741,1387
1984.986501177238,1413
1986.928691997853,1421
1988.8704099770712,1390
1990.811655382789,1384
1992.7524284829801,1362
1994.692729545698,1404
1996.6325588390755,1358
1998.5719166313224,1336
2000.5108031907307,1405
2002.4492187856677,1390
2004.387163684583,1378
2006.3246381560011,1386
2008.2616424685298,1384
2010.1981768908527,1369
2012.1342416917332,1317
2014.069837140014,1396
2016.0049635046162,1369
2017.9396210545406,1376
2019.8738100588666,1406
2021.8075307867502,1386
2023.740783507431,1386
2025.6735684902228,1352
2027.6058860045214,1415
2029.5377363198004,1407
2031.4691197056118,1377
2033.4000364315875,1299
2035.3304867674374,1405
2037.260470982952,1315
2039.189989347998,1359
2041.1190421325232,1366
2043.047629606554,1318
2044.9757520401945,1377
2046.9034097036288,1339
2048.8306028671195,1373
2050.7573318010086,1326
2052.683596775716,1311
2054.609398061742,1349
2056.5347359296647,1360
2058.4596106501403,1344
2060.384022493906,1335
2062.3079717317764,1372
2064.231458634646,1344
2066.1544834734873,1351
2068.077046519352,1401
2069.99914804337,1345
2071.9207883167524,1321
2073.8419676107865,1377
2075.7626861968406,1321
2077.6829443463607,1309
2079.6027423308715,1336
2081.522080421977,1337
2083.440958891362,1376
2085.359378010786,1366
2087.2773380520907,1359
2089.194839287196,1358
2091.111881988101,1327
2093.0284664268825,1335
2094.9445928756973,1363
2096.86026160678,1384
2098.775472892446,1356
2100.690227005088,1299
2102.604524217178,1385
2104.5183648012676,1333
2106.431749029985,1329
2108.34467717604,1318
2110.2571495122206,1387
2112.169166311393,1330
2114.080727846503,1376
2115.9918343905747,1392
2117.902486216711,1336
2119.8126835980956,1382
2121.722426807987,1320
2123.6317161197285,1348
2125.5405518067364,1358
2127.448934142509,1348
2129.356863400624,1347
2131.264339854737,1364
2133.1713637785815,1383
2135.077935445972,1365
2136.9840551308002,1380
2138.889723107037,1391
2140.7949396487334,1371
2142.699705030018,1340
2144.6040195250994,1444
2146.507883408264,1354
2148.4112969538774,1348
2150.3142604363848,1348
2152.2167741303097,1366
2154.1188383102535,1385
2156.0204532508997,1371
2157.9216192270064,1365
2159.822336513414,1408
2161.7226053850413,1389
2163.622426116884,1342
2165.5217989840185,1361
2167.4207242616,1460
2169.319202224862,1445
2171.2172331491165,1441
2173.1148173097563,1366
2175.0119549822507,1425
2176.90864644215,1466
2178.8048919650823,1367
2180.7006918267534,1423
2182.596046302952,1414
2184.4909556695407,1409
2186.3854202024645,1403
2188.279440177746,1397
2190.173015871487,1492
2192.066147559868,1439
2193.958835519149,1400
2195.851080025667,1443
2197.7428813558417,1454
2199.6342397861667,1437
2201.5251555932186,1427
2203.415629053651,1451
2205.3056604441986,1488
2207.19525004167,1408
2209.084398122958,1472
2210.9731049650327,1441
2212.861370844941,1483
2214.749196039812,1439
2216.636580826851,1447
2218.523525483344,1446
2220.410030286655,1421
2222.296095514226,1440
2224.1817214435805,1426
2226.066908352319,1464
2227.951656518121,1457
2229.835966218746,1500
2231.71983773203,1487
2233.6032713358913,1488
2235.486267308324,1500
2237.3688259274036,1516
2239.2509474712824,1442
2241.132632218193,1452
2243.013880446447,1440
2244.8946924344323,1524
2246.7750684606203,1428
2248.6550088035574,1460
2250.534513741871,1467
2252.413583554265,1431
2254.292218519526,1465
2256.170418916517,1442
2258.0481850241786,1456
2259.925517121534,1415
2261.8024154876825,1490
2263.678880401803,1410
2265.5549121431536,1426
2267.430510991071,1409
2269.305677224971,1412
2271.180411124348,1458
2273.0547129687766,1413
2274.9285830379076,1463
2276.8020216114737,1435
2278.6750289692845,1499
2280.5476053912294,1450
2282.4197511572766,1516
2284.2914665474727,1474
2286.162751841943,1512
2288.0336073208937,1508
2289.904033264608,1529
2291.774029953448,1578
2293.6435976678554,1489
2295.5127366883517,1462
2297.381447295534,1381
2299.2497297700825,1375
2301.1175843927526,1343
2302.9850114443825,1317
2304.852011205885,1274
2306.7185839582553,1282
2308.5847299825664,1261
2310.4504495599676,1263
2312.3157429716925,1194
2314.1806104990483,1207
2316.0450524234247,1255
2317.9090690262888,1236
2319.772660589186,1215
2321.635827393742,1188
2323.498569721661,1214
2325.3608878547248,1244
2327.2227820747967,1192
2329.0842526638157,1210
2330.945299903803,1191
2332.805924076857,1180
2334.6661254651535,1243
2336.525904350951,1179
2338.3852610165827,1189
2340.244195744464,1190
2342.102708817088,1238
2343.9608005170253,1249
2345.8184711269287,1235
2347.675720929526,1195
2349.532550207628,1208
2351.38895924412,1175
2353.24494832197,1179
2355.100517724223,1234
2356.955667734004,1236
2358.810398634514,1164
2360.664710709037,1206
2362.5186042409337,1175
2364.3720795136437,1229
2366.225136810686,1248
2368.0777764156583,1250
2369.929998612237,1163
2371.7818036841777,1215
2373.633191915315,1246
2375.484163589562,1172
2377.3347189909114,1217
2379.184858403434,1198
2381.03458211128,1135
2382.8838903986775,1178
2384.732783549936,1259
2386.5812618494406,1220
2388.4293255816588,1232
2390.2769750311327,1254
2392.1242104824883,1260
2393.971032220427,1209
2395.8174405297295,1217
2397.6634356952563,1249
2399.509018001947,1265
2401.3541877348193,1207
2403.1989451789705,1231
2405.043290619576,1216
2406.8872243418905,1226
2408.730746631247,1227
2410.5738577730594,1198
2412.4165580528183,1219
2414.258847756095,1222
2416.100727168537,1252
2417.9421965758734,1193
2419.783256263912,1226
2421.623906518538,1203
2423.4641476257157,1215
2425.303979871491,1268
2427.143403541984,1220
2428.9824189233977,1216
2430.821026302012,1238
2432.6592259641866,1304
2434.497018196361,1222
2436.33440328505,1234
2438.171381516851,1195
2440.00795317844,1226
2441.844118556569,1180
2443.6798779380724,1188
2445.5152316098606,1191
2447.3501798589255,1254
2449.1847229723357,1228
2451.0188612372403,1248
2452.8525949408663,1258
2454.6859243705203,1234
2456.518849813587,1261
2458.3513715575314,1246
2460.183489889895,1273
2462.015205098301,1181
2463.8465174704493,1290
2465.67742729412,1164
2467.5079348571717,1208
2469.338040447542,1287
2471.1677443532476,1210
2472.9970468623833,1224
2474.825948263123,1215
2476.6544488437207,1221
2478.482548892508,1258
2480.310248697896,1236
2482.137548548374,1198
2483.9644487325118,1219
2485.790949538956,1191
2487.617051256433,1209
2489.44275417375,1278
2491.26805857979,1244
2493.0929647635157,1204
2494.917473013971,1226
2496.741583620276,1240
2498.5652968716304,1254
2500.3886130573137,1251
2502.2115324666834,1244
2504.0340553891765,1252
2505.856182114308,1245
2507.6779129316733,1271
2509.499248130945,1273
2511.3201880018764,1269
2513.140732834298,1223
2514.9608829181198,1272
2516.780638543331,1179
2518.6,1259
2520.418967578273,1229
2522.237541568376,1279
2524.0557222606144,1229
2525.8735099453706,1219
2527.6909049131086,1292
2529.507907454368,1276
2531.32451785977,1269
2533.140736420014,1312
2534.9565634258774,1240
2536.771999168218,1292
2538.5870439379714,1242
2540.4016980261526,1336
2542.2159617238544,1293
2544.02983532225,1299
2545.8433191125914,1285
2547.656413386209,1288
2549.4691184345115,1304
2551.2814345489874,1334
2553.093362021204,1348
2554.904901142808,1332
2556.716052205523,1326
2558.526815501153,1336
2560.3371913215824,1273
2562.147179958771,1360
2563.956781704761,1378
2565.7659968516705,1385
2567.5748256916986,1305
2569.3832685171224,1393
2571.1913256202984,1375
2572.9989972936614,1353
2574.806283829725,1381
2576.613185521084,1335
2578.4197026604074,1373
2580.2258355404483,1400
2582.031584454035,1378
2583.836949694077,1451
2585.6419315535613,1402
2587.4465303255533,1413
2589.2507463032002,1418
2591.0545797797245,1391
2592.8580310484303,1370
2594.6611004026995,1421
2596.463788135992,1416
2598.266094541849,1410
2600.0680199138874,1424
2601.869564545807,1384
2603.670728731383,1442
2605.4715127644704,1364
2607.2719169390048,1408
2609.071941548998,1370
2610.8715868885433,1420
2612.670853251811,1429
2614.469740933052,1384
2616.268250226594,1418
2618.0663814268455,1381
2619.864134828292,1359
2621.6615107255006,1397
2623.458509413115,1351
2625.2551311858597,1288
2627.0513763385347,1366
2628.8472451660223,1279
2630.6427379632833,1380
2632.4378550253564,1406
2634.232596647359,1382
2636.026963124488,1336
2637.8209547520187,1312
2639.6145718253065,1346
2641.407814639785,1358
2643.200683490966,1330
2644.9931786744414,1411
2646.7853004858807,1366
2648.577049221034,1318
2650.3684251757277,1318
2652.1594286458712,1257
2653.9500599274484,1324
2655.740319316525,1290
2657.5302071092437,1314
2659.3197236018286,1275
2661.10886909058,1338
2662.8976438718782,1301
2664.686048242183,1327
2666.4740824980327,1323
2668.2617469360443,1276
2670.0490418529134,1311
2671.8359675454153,1283
2673.622524310403,1298
2675.408712444811,1293
2677.1945322456495,1248
2678.979984010009,1273
2680.76506803506,1248
2682.5497846180497,1277
2684.334134056306,1230
2686.1181166472343,1265
2687.9017326883213,1222
2689.6849824771293,1291
2691.4678663113013,1276
2693.2503844885596,1222
2695.032537306705,1301
2696.8143250636167,1241
2698.5957480572542,1213
2700.3768065856534,1231
2702.1575009469316,1243
2703.937831439283,1246
2705.717798360982,1232
2707.4974020103837,1208
2709.276642685917,1246
2711.055520686095,1215
2712.834036309506,1258
2714.612189854819,1257
2716.389981620782,1275
2718.1674119062204,1208
2719.944481010041,1270
2721.721189231226,1256
2723.4975368688415,1282
2725.273524222027,1202
2727.0491515900053,1255
2728.824419272075,1288
2730.5993275676146,1240
2732.3738767760838,1241
2734.148067197016,1227
2735.921899130031,1193
2737.6953728748194,1231
2739.468488731156,1218
2741.2412469988926,1226
2743.0136479779617,1210
2744.785691968372,1206
2746.5573792702116,1226
2748.3287101836504,1215
2750.099685008934,1181
2751.870304046388,1243
2753.640567596418,1215
2755.4104759595057,1228
2757.1800294362156,1215
2758.949228327187,1209
2760.7180729331412,1230
2762.486563554877,1248
2764.254700493272,1207
2766.022484049284,1253
2767.789914523947,1208
2769.5569922183786,1141
2771.3237174337705,1229
2773.090090471394,1164
2774.8561116326036,1223
2776.6217812188274,1226
2778.3870995315756,1181
2780.1520668724356,1223
2781.9166835430747,1207
2783.6809498452394,1172
2785.444866080754,1216
2787.2084325515225,1192
2788.971649559527,1185
2790.73451740683,1249
2792.4970363955713,1248
2794.2592068279705,1222
2796.0210290063264,1192
2797.7825032330147,1194
2799.543629810493,1214
2801.304409041296,1244
2803.0648412280366,1250
2804.8249266734088,1224
2806.5846656801846,1250
2808.344058551212,1213
2810.1031055894246,1220
2811.8618070978273,1235
2813.6201633795085,1231
2815.378174737636,1241
2817.1358414754536,1201
2818.893163896285,1205
2820.6501423035334,1221
2822.4067770006814,1205
2824.1630682912883,1183
2825.9190164789957,1247
2827.6746218675207,1208
2829.429884760661,1187
2831.184805462294,1212
2832.9393842763743,1211
2834.693621506936,1211
2836.4475174580916,1244
2838.201072434034,1218
2839.954286739034,1262
2841.707160677441,1205
2843.459694553685,1187
2845.2118886722724,1235
2846.96374333779,1186
2848.7152588549034,1227
2850.4664355283567,1261
2852.217273662973,1319
2853.9677735636546,1218
2855.7179355353833,1259
2857.4677598832186,1194
2859.217246912299,1240
2860.9663969278427,1230
2862.715210235146,1217
2864.4636871395846,1210
2866.211827946614,1224
2867.9596329617652,1229
2869.7071024906536,1243
2871.4542368389684,1227
2873.20103631248,1231
2874.947501217038,1233
2876.6936318585695,1245
2878.4394285430812,1231
2880.1848915766604,1232
2881.9300212654707,1258
2883.6748179157553,1230
2885.4192818338374,1220
2887.1634133261173,1204
2888.907212699077,1193
2890.6506802592744,1253
2892.393816313348,1270
2894.1366211680142,1305
2895.8790951300693,1209
2897.621238506388,1207
2899.363051603925,1232
2901.1045347297118,1234
2902.8456881908596,1211
2904.58651229456,1187
2906.327007348081,1206
2908.067173658772,1223
2909.8070115340597,1232
2911.5465212814497,1193
2913.285703208527,1211
2915.0245576229563,1211
2916.7630848324807,1208
2918.5012851449196,1214
2920.2391588681758,1204
2921.976706310227,1256
2923.7139277791334,1162
2925.4508235830313,1232
2927.187394030137,1242
2928.923639428745,1213
2930.6595600872306,1179
2932.395156314046,1232
2934.1304284177218,1229
2935.8653767068713,1186
2937.6000014901815,1221
2939.3343030764227,1186
2941.068281774442,1189
2942.8019378931644,1191
2944.5352717415976,1213
2946.2682836288236,1257
2948.0009738640065,1252
2949.7333427563885,1190
2951.465390615289,1226
2953.1971177501086,1186
2954.9285244703265,1236
2956.6596110855,1219
2958.3903779052657,1170
2960.1208252393385,1243
2961.8509533975125,1240
2963.5807626896617,1189
2965.3102534257378,1175
2967.0394259157715,1194
2968.768280469873,1242
2970.496817398232,1225
2972.2250370111146,1232
2973.952939618869,1255
2975.6805255319196,1239
2977.4077950607707,1217
2979.134748516006,1261
2980.861386208289,1249
2982.587708448359,1214
2984.313715547037,1198
2986.039407815222,1250
2987.764785563891,1201
2989.489849104102,1186
2991.2145987469908,1250
2992.9390348037705,1242
2994.6631575857346,1243
2996.3869674042576,1210
2998.1104645707887,1240
2999.83364939686,1187
3001.5565221940783,1223
3003.2790832741334,1197
3005.0013329487924,1158
3006.7232715298996,1209
3008.4448993293804,1191
3010.166216659239,1174
3011.887223831558,1209
3013.607921158498,1185
3015.3283089522993,1224
3017.0483875252826,1194
3018.7681571898443,1158
3020.4876182584626,1223
3022.2067710436927,1204
3023.9256158581707,1220
3025.644153014609,1235
3027.362382825801,1265
3029.0803056046193,1180
3030.797921664012,1218
3032.5152313170106,1212
3034.2322348767225,1242
3035.9489326563353,1214
3037.665324969115,1227
3039.3814121284063,1151
3041.097194447633,1246
3042.812672240299,1185
3044.5278458199855,1192
3046.2427155003525,1225
3047.9572815951406,1193
3049.671544418167,1210
3051.38550428333,1222
3053.0991615046073,1211
3054.812516396051,1204
3056.5255692717974,1177
3058.2383204460575,1184
3059.9507702331257,1230
3061.662918947372,1249
3063.3747669032446,1230
3065.0863144152736,1213
3066.7975617980674,1240
3068.508509366309,1228
3070.219157434767,1150
3071.9295063182844,1232
3073.639556331785,1186
3075.3493077902704,1218
3077.058761008821,1237
3078.7679163025964,1244
3080.476773986837,1251
3082.1853343768594,1257
3083.89359778806,1205
3085.6015645359153,1256
3087.3092349359786,1225
3089.016609303884,1177
3090.7236879553434,1174
3092.4304712061476,1195
3094.136959372166,1166
3095.843152769349,1201
3097.5490517137237,1202
3099.2546565213966,1146
3100.959967508554,1215
3102.66498499146,1222
3104.3697092864577,1192
3106.0741407099695,1239
3107.778279578498,1221
3109.482126208622,1235
3111.1856809170004,1161
3112.8889440203716,1152
3114.5919158355528,1244
3116.294596679439,1136
3117.996986869006,1208
3119.6990867213062,1213
3121.4008965534726,1196
3123.102416682717,1267
3124.803647426329,1223
3126.5045891016784,1230
3128.205242026213,1235
3129.90560651746,1224
3131.605682893025,1232
3133.3054714705922,1249
3135.0049725679282,1260
3136.7041865028714,1252
3138.4031135933465,1250
3140.101754157353,1238
3141.800108512971,1254
3143.498176978357,1169
3145.1959598717494,1198
3146.8934575114636,1237
3148.5906702158954,1228
3150.2875983035183,1192
3151.9842420928853,1163
3153.680601902627,1185
3155.376678051456,1169
3157.07247085816,1211
3158.767980641609,1248
3160.463207720748,1196
3162.158152414606,1265
3163.8528150422862,1260
3165.5471959229726,1206
3167.2412953759303,1227
3168.9351137204976,1155
3170.628651276098,1233
3172.3219083622307,1202
3174.014885298474,1184
3175.707582404485,1229
3177.4000000000005,1262
3179.092138404835,1263
3180.7839979388846,1197
3182.47557892212,1259
3184.166881674594,1209
3185.8579065164386,1248
3187.5486537678626,1210
3189.2391237491547,1148
3190.9293167806827,1192
3192.6192331828934,1204
3194.3088732763117,1223
3195.998237381542,1196
3197.687325819268,1143
3199.376138910251,1211
3201.064676975334,1212
3202.7529403354347,1166
3204.4409293115523,1217
3206.1286442247647,1216
3207.816085396229,1150
3209.5032531471825,1192
3211.190147798936,1227
3212.8767696728846,1158
3214.5631190905015,1140
3216.2491963733373,1228
3217.9350018430214,1183
3219.6205358212637,1219
3221.305798629851,1189
3222.990790590651,1213
3224.6755120256103,1203
3226.359963256751,1235
3228.0441446061795,1183
3229.7280563960758,1179
3231.411698948703,1174
3233.0950725863995,1248
3234.778177631587,1247
3236.461014406761,1228
3238.1435832345005,1223
3239.8258844374595,1178
3241.507918338374,1223
3243.1896852600576,1223
3244.8711855254023,1217
3246.552419457381,1210
3248.233387379042,1188
3249.914089613516,1247
3251.59452648401,1218
3253.274698313813,1241
3254.95460542629,1207
3256.6342481448855,1181
3258.313626793125,1182
3259.9927416946084,1179
3261.6715931730196,1184
3263.3501815521176,1159
3265.0285071557437,1170
3266.706570307815,1125
3268.3843713323286,1195
3270.0619105533615,1186
3271.739188295068,1186
3273.4162048816834,1181
3275.0929606375184,1170
3276.769455886966,1207
3278.445690954498,1133
3280.1216661646613,1194
3281.797381842087,1223
3283.4728383114807,1250
3285.1480358976296,1210
3286.8229749253996,1163
3288.4976557197333,1247
3290.172078605655,1223
3291.846243908266,1197
3293.5201519527463,1169
3295.193803064357,1186
3296.8671975684374,1179
3298.5403357904024,1175
3300.21321805575,1223
3301.8858446900567,1238
3303.558216018975,1150
3305.23033236824,1182
3306.9021940636603,1211
3308.57380143113,1212
3310.2451547966184,1235
3311.916254486174,1224
3313.5871008259246,1251
3315.2576941420766,1139
3316.9280347609147,1146
3318.5981230088046,1176
3320.2679592121895,1137
3321.9375436975924,1178
3323.606876791612,1218
3325.27595882093,1233
3326.944790112305,1154
3328.6133709925753,1159
3330.2817017886573,1162
3331.949782827547,1216
3333.617614436319,1170
3335.2851969421245,1210
3336.952530672199,1197
3338.619615953853,1160
3340.286453114475,1178
3341.9530424815357,1179
3343.619384382583,1162
3345.2854791452437,1190
3346.951327097224,1229
3348.6169285663073,1212
3350.2822838803577,1215
3351.947393367319,1156
3353.61225735521,1154
3355.2768761721345,1217
3356.9412501462693,1210
3358.605379605873,1160
3360.2692648792827,1199
3361.9329062949146,1234
3363.596304181263,1180
