CollectionTime,7/9/2024 1:24:02 PM
ExposureUsed,3
CalibratedSpectrum
-962.7078968117929,710
-959.9714848408522,723
-957.2358232597828,692
-954.5009119013725,689
-951.7667505983302,716
-949.0333391832855,741
-946.3006774887896,710
-943.5687653473143,695
-940.837602591253,720
-938.1071890529199,708
-935.3775245645503,702
-932.6486089583007,685
-929.9204420662485,738
-927.1930237203925,735
-924.4663537526524,730
-921.7404319948689,736
-919.0152582788041,733
-916.2908324361409,738
-913.5671542984834,704
-910.8442236973568,707
-908.1220404642074,718
-905.4006044304027,741
-902.679915427231,709
-899.959973285902,741
-897.2407778375464,707
-894.5223289132158,673
-891.8046263438832,704
-889.0876699604426,720
-886.3714595937089,707
-883.6559950744183,712
-880.9412762332282,722
-878.2273029007168,735
-875.5140749073835,727
-872.8015920836489,732
-870.0898542598545,724
-867.3788612662631,719
-864.6686129330585,680
-861.9591090903457,712
-859.2503495681506,716
-856.5423341964203,690
-853.8350628050229,748
-851.1285352237478,707
-848.4227512823054,694
-845.7177108103272,720
-843.0134136373656,727
-840.3098595928943,741
-837.6070485063082,743
-834.9049802069229,772
-832.2036545239757,714
-829.5030712866244,732
-826.8032303239481,739
-824.1041314649472,739
-821.4057745385428,747
-818.7081593735775,724
-816.0112857988148,743
-813.3151536429393,735
-810.6197627345566,749
-807.9251129021936,695
-805.2312039742981,732
-802.5380357792392,723
-799.8456081453069,740
-797.1539209007124,761
-794.462973873588,723
-791.772766891987,749
-789.083299783884,764
-786.3945723771743,747
-783.7065844996748,763
-781.0193359791231,738
-778.3328266431781,804
-775.6470563194197,758
-772.9620248353489,768
-770.2777320183878,767
-767.5941776958798,801
-764.9113616950891,784
-762.2292838432011,775
-759.5479439673222,765
-756.8673418944801,779
-754.1874774516235,843
-751.5083504656222,757
-748.8299607632671,756
-746.15230817127,795
-743.475392516264,770
-740.7992136248035,804
-738.1237713233636,780
-735.4490654383407,732
-732.7750957960521,772
-730.1018622227365,830
-727.4293645445534,805
-724.7576025875837,822
-722.0865761778291,805
-719.4162851412126,786
-716.7467293035781,807
-714.0779084906909,769
-711.409822528237,850
-708.7424712418238,823
-706.0758544569796,787
-703.4099719991541,867
-700.7448236937178,875
-698.0804093659622,858
-695.4167288411002,828
-692.7537819442656,819
-690.0915685005134,814
-687.4300883348199,798
-684.7693412720819,813
-682.1093271371178,844
-679.4500457546669,859
-676.7914969493897,867
-674.1336805458676,833
-671.4765963686034,861
-668.8202442420206,849
-666.1646239904642,867
-663.5097354382001,871
-660.8555784094151,872
-658.2021527282176,856
-655.5494582186366,880
-652.8974947046223,840
-650.2462620100463,830
-647.5957599587009,877
-644.9459883742998,869
-642.2969470804776,883
-639.6486359007902,931
-637.0010546587141,935
-634.3542031776476,906
-631.7080812809096,847
-629.0626887917401,849
-626.4180255333008,920
-623.7740913286734,907
-621.1308860008619,886
-618.4884093727904,918
-615.8466612673046,855
-613.2056415071715,891
-610.5653499150785,897
-607.9257863136347,921
-605.28695052537,890
-602.6488423727357,891
-600.0114616781036,874
-597.3748082637674,820
-594.7388819519412,880
-592.1036825647604,915
-589.4692099242818,941
-586.8354638524829,930
-584.2024441712624,917
-581.5701507024403,909
-578.9385832677575,891
-576.3077416888759,968
-573.6776257873787,967
-571.0482353847704,869
-568.4195703024757,937
-565.7916303618415,954
-563.164415384135,896
-560.5379251905453,931
-557.9121596021815,927
-555.2871184400748,979
-552.6628015251767,932
-550.0392086783606,901
-547.4163397204204,964
-544.794194472071,968
-542.1727727539491,933
-539.5520743866118,993
-536.9320991905377,955
-534.3128469861261,953
-531.6943175936979,1073
-529.0765108334947,1097
-526.4594265256793,1093
-523.8430644903358,1196
-521.2274245474689,1231
-518.612506517005,1284
-515.9983102187913,1256
-513.3848354725959,1295
-510.77208209810846,1299
-508.16004991493924,1403
-505.5487387426199,1438
-502.9381484006032,1580
-500.3282787082628,1603
-497.71912948489364,1537
-495.1107005497117,1486
-492.5029917218539,1386
-489.8960028203786,1286
-487.28973366426493,1264
-484.68418407241325,1132
-482.07935386364494,1076
-479.47524285670266,1127
-476.87185087025,1122
-474.2691777228715,1124
-471.66722323307334,1092
-469.0659872192821,1102
-466.4654694998459,1121
-463.86566989303384,1099
-461.26658821703614,1181
-458.66822428996414,1158
-456.07057792985,1178
-453.4736489546475,1117
-450.877437182231,1112
-448.28194243039627,1152
-445.68716451686,1133
-443.09310325926003,1143
-440.49975847515555,1137
-437.9071299820263,1086
-435.31521759727354,1043
-432.72402113821954,1136
-430.13354042210767,1162
-427.5437752661022,1110
-424.95472548728867,1179
-422.36639090267386,1159
-419.7787713291855,1186
-417.1918665836721,1117
-414.60567648290385,1175
-412.0202008435715,1168
-409.4354394822874,1199
-406.8513922155845,1227
-404.26805885991723,1191
-401.685439231661,1197
-399.103533147112,1208
-396.522340422488,1188
-393.9418608739278,1135
-391.3620943174908,1180
-388.7830405691583,1175
-386.2046994448317,1054
-383.6270707603344,1040
-381.05015433141045,967
-378.473949973725,940
-375.8984575028645,876
-373.32367673433623,786
-370.74960748356875,715
-368.1762495659117,727
-365.60360279663576,615
-363.03166699093265,546
-360.4604419639154,547
-357.8899275306178,499
-355.32012350599507,503
-352.7510297049233,487
-350.1826459421999,451
-347.61497203254316,454
-345.04800779059235,459
-342.4817530309082,500
-339.91620756797226,486
-337.35137121618743,440
-334.7872437898774,476
-332.22382510328725,464
-329.66111497058273,470
-327.09911320585127,448
-324.53781962310075,460
-321.9772340362607,466
-319.4173562591816,440
-316.8581861056348,435
-314.2997233893127,446
-311.7419679238294,447
-309.1849195227194,445
-306.62857799943856,472
-304.0729431673641,440
-301.51801483979375,518
-298.963792829947,479
-296.41027695096386,482
-293.85746701590574,513
-291.3053628377552,502
-288.7539642294155,545
-286.2032710037115,496
-283.65328297338897,482
-281.1039999511146,537
-278.5554217494762,513
-276.007548180983,487
-273.4603790580651,468
-270.9139141930734,509
-268.3681533982807,528
-265.8230964858798,507
-263.27874326798565,518
-260.7350935566336,529
-258.1921471637804,536
-255.6499039013039,528
-253.10836358100266,567
-250.56752601459698,547
-248.02739101372765,533
-245.48795838995704,524
-242.94922795476816,561
-240.41119951956557,549
-237.8738728956746,557
-235.33724789434166,611
-232.80132432673452,566
-230.2661020039418,551
-227.73158073697357,602
-225.19776033676033,662
-222.66464061415422,688
-220.1322213799284,634
-217.60050244477725,601
-215.06948361931552,604
-212.53916471408013,591
-210.00954553952818,659
-207.48062590603843,592
-204.9524056239104,645
-202.4248845033651,678
-199.8980623545441,709
-197.37193898751036,703
-194.84651421224817,663
-192.32178783866232,712
-189.79775967657952,713
-187.27442953574644,749
-184.7517972258321,727
-182.2298625564256,714
-179.7086253370378,729
-177.18808537710026,697
-174.66824248596583,680
-172.14909647290835,779
-169.6306471471229,820
-167.11289431772548,725
-164.59583779375328,776
-162.07947738416453,864
-159.5638128978386,903
-157.04884414357605,1020
-154.53457093009854,1036
-152.02099306604828,933
-149.50811035998936,780
-146.99592262040665,774
-144.48442965570587,853
-141.97363127421409,987
-139.46352728417958,1144
-136.95411749377126,1245
-134.44540171107985,1198
-131.93737974411636,945
-129.43005140081357,962
-126.92341648902493,1224
-124.41747481652521,1467
-121.91222619101006,1720
-119.40767042009657,2092
-116.90380731132257,2140
-114.40063667214702,1801
-111.8981583099503,1239
-109.3963720320337,1004
-106.89527764561933,1617
-104.39487495785067,2381
-101.89516377579241,2698
-99.39614390642998,3229
-96.89781515667039,3297
-94.40017733334128,3308
-91.90323024319173,2872
-89.40697369289148,2507
-86.91140748903172,2595
-84.41653143812482,2757
-81.92234534660395,2814
-79.42884902082358,3434
-76.93604226705907,4900
-74.4439248915071,6817
-71.95249670028534,8777
-69.46175749943245,9943
-66.97170709490854,9696
-64.48234529259423,8884
-61.99367189829195,7505
-59.50568671772464,6660
-57.01838955653636,5156
-54.53178022029283,5438
-52.045858514480074,7557
-49.560624244506016,9403
-47.07607721569923,10346
-44.59221723330904,10594
-42.10904410250669,9404
-39.62655762838392,8546
-37.14475761595372,6779
-34.66364387015028,6647
-32.18321619582866,7110
-29.70347439776515,6942
-27.224418280657005,8482
-24.74604764912317,10406
-22.26836230770266,14373
-19.7913620608565,27550
-17.315046712966478,51533
-14.83941606833514,65039
-12.36446993118659,65039
-9.89020810566592,65039
-7.416630395839093,65039
-4.94373660569363,65039
-2.471526539137585,65039
-6.821210263296962E-13,65039
2.47084320796705,65039
4.941003281093458,65039
7.410480415786196,65039
9.879274808531363,65039
12.347386655893956,65039
14.814816154518212,65039
17.28156350112681,65039
19.74762889252179,65039
22.21301252558385,65039
24.67771459727237,20162
27.141735304626195,3390
29.605074844762612,2355
32.06773341487792,1952
34.52971121224755,1599
36.99100843422559,1523
39.45162527824516,1542
41.91156194181792,1386
44.370818622535126,1485
46.82939551806646,1369
49.287292826160524,1180
51.74451074464503,1591
54.201049471426245,1392
56.65690920448981,1184
59.112090141899785,1063
61.56659248179983,967
64.02041642241159,1014
66.4735621620365,1050
68.92602989905402,897
71.37781983192338,949
73.82893215918205,990
76.27936707944684,882
78.72912479141326,878
81.17820549385567,1001
83.62660938562783,1084
86.07433666566146,969
88.5213875329681,759
90.96776218663751,791
93.41346082583925,943
95.85848364982041,971
98.30283085790859,1003
100.7465026495089,883
103.18949922410604,922
105.63182078126385,866
108.07346752062438,884
110.51443964190923,879
112.95473734491827,833
115.39436082953114,884
117.83331029570547,847
120.27158594347827,781
122.7091879729652,770
125.1461165843615,752
127.58237197794062,758
130.01795435405518,807
132.4528639131364,806
134.88710085569494,860
137.32066538231982,835
139.75355769367923,786
142.1857779905207,772
144.61732647366978,730
147.04820334403132,801
149.47840880258934,837
151.90794305040674,915
154.33680628862487,1002
156.76499871846443,1167
159.19252054122433,1289
161.61937195828352,1409
164.04555317109896,1528
166.47106438120693,1752
168.89590579022217,2028
171.320077599839,2256
173.7435800118302,2376
176.16641322804742,2416
178.58857745042144,2539
181.01007288096173,2584
183.43089972175687,2541
185.85105817497413,2651
188.27054844285988,2550
190.6893707277394,2735
193.10752523201643,2741
195.5250121581745,2818
197.9418317087751,2939
200.3579840864594,3033
202.7734694939469,2969
205.18828813403627,3050
207.6024402096051,2960
210.01592592360964,2953
212.42874547908548,2942
214.84089907914665,2992
217.2523869269868,2981
219.66320922587727,3059
222.0733661791695,2985
224.48285799029293,3036
226.8916848627572,3011
229.29984700014882,3044
231.7073446061355,3045
234.11417788446204,3108
236.520347038953,3194
238.92585227351185,3123
241.33069379212054,3151
243.73487179884035,3243
246.1383864978112,3265
248.541238093252,3277
250.9434267894609,3202
253.34495279081432,3229
255.74581630176783,3085
258.1460175268563,3243
260.54555667069314,3304
262.9444339379703,3152
265.3426495334594,3281
267.7402036620107,3119
270.1370965285529,3121
272.53332833809407,2955
274.9288992957214,2922
277.32380960660055,2979
279.718059475976,2880
282.1116491091717,2810
284.5045787115897,2760
286.89684848871195,2808
289.2884586460981,2845
291.67940938938807,2947
294.0697009242996,2878
296.4593334566299,2878
298.84830719225477,2923
301.23662233712923,2820
303.6242790972866,2856
306.01127767884,2789
308.39761828798066,2735
310.78330113097934,2732
313.16832641418534,2763
315.5526943440269,2734
317.9364051270112,2612
320.3194589697242,2597
322.70185607883093,2698
325.0835966610754,2660
327.4646809232805,2607
329.8451090723478,2633
332.2248813152577,2572
334.6039978590701,2623
336.9824589109231,2603
339.36026467803447,2513
341.7374153677,2619
344.113911187295,2603
346.48975234427337,2613
348.8649390461686,2624
351.2394715005918,2645
353.61334991523415,2629
355.9865744978655,2549
358.35914545633375,2544
360.73106299856715,2571
363.10232733257146,2486
365.47293866643247,2476
367.84289720831396,2574
370.2122031664593,2507
372.5808567491905,2507
374.9488581649083,2583
377.31620762209275,2489
379.6829053293021,2413
382.0489514951745,2472
384.4143463284262,2422
386.7790900378528,2493
389.14318283232853,2437
391.50662492080653,2477
393.86941651231916,2458
396.23155781597745,2479
398.5930490409713,2430
400.9538903965696,2489
403.3140820921202,2494
405.6736243370498,2416
408.03251734086336,2424
410.3907613131465,2426
412.74835646356166,2491
415.10530300185144,2514
417.4616011378372,2485
419.81725108141893,2457
422.1722530425758,2448
424.5266072313656,2437
426.880313857925,2433
429.2333731324701,2387
431.58578526529516,2488
433.9375504667738,2539
436.2886689473588,2429
438.63914091758113,2460
440.9889665880513,2404
443.33814616945835,2415
445.68667987257015,2420
448.03456790823395,2391
450.3818104873759,2413
452.72840782100013,2421
455.07436012019105,2445
457.41966759611057,2452
459.7643304600007,2394
462.10834892318155,2377
464.4517231970525,2396
466.79445349309174,2398
469.1365400228566,2384
471.4779829979826,2353
473.81878263018564,2361
476.15893913125876,2358
478.4984527130747,2447
480.8373235875855,2433
483.17555196682144,2502
485.5131380628919,2525
487.8500820879857,2613
490.1863842543697,2726
492.52204477439034,2726
494.8570638604725,2861
497.1914417251204,3029
499.52517858091653,3237
501.85827464052306,3411
504.19073011668036,3629
506.5225452222086,3593
508.85372017000566,3596
511.18425517304956,3615
513.514150444396,3770
515.8434061971808,4183
518.1720226446176,5008
520.4999999999999,5299
522.8273384766991,4988
525.1540382881666,4660
527.480099647932,4091
529.8055227696037,3587
532.1303078668694,2974
534.454455153496,2731
536.777964843328,2606
539.1008371502907,2548
541.4230722883866,2499
543.744670471698,2462
546.0656319143858,2507
548.3859568306899,2561
550.7056454349294,2499
553.0246979415016,2553
555.3431145648834,2466
557.6608955196306,2411
559.978041020377,2478
562.2945512818363,2450
564.6104265188006,2476
566.9256669461412,2487
569.2402727788082,2554
571.5542442318302,2548
573.8675815203156,2540
576.1802848594508,2615
578.4923544645015,2586
580.8037905508126,2563
583.114593333807,2519
585.4247630289875,2624
587.7342998519354,2649
590.0432040183106,2585
592.3514757438526,2523
594.6591152443794,2613
596.9661227357875,2576
599.2724984340531,2568
601.578242555231,2563
603.8833553154542,2521
606.1878369309362,2632
608.4916876179676,2509
610.7949075929192,2592
613.0974970722403,2552
615.3994562724587,2638
617.7007854101818,2513
620.0014847020951,2568
622.3015543649641,2513
624.6009946156324,2573
626.8998056710224,2582
629.1979877481361,2523
631.4955410640538,2529
633.7924658359349,2584
636.0887622810175,2632
638.3844306166192,2619
640.6794710601358,2553
642.9738838290426,2642
645.2676691408932,2601
647.5608272133207,2558
649.853358264037,2569
652.1452625108324,2606
654.4365401715764,2690
656.7271914642178,2699
659.0172166067838,2663
661.3066158173809,2721
663.5953893141935,2631
665.8835373154867,2618
668.1710600396028,2670
670.4579577049639,2583
672.7442305300709,2618
675.0298787335033,2756
677.3149025339197,2639
679.599302150058,2726
681.8830778007342,2603
684.1662297048437,2641
686.4487580813608,2619
688.7306631493387,2627
691.0119451279091,2696
693.2926042362834,2617
695.5726406937516,2604
697.8520547196814,2719
700.1308465335215,2625
702.4090163547982,2642
704.6865644031171,2690
706.9634908981619,2625
709.2397960596965,2587
711.5154801075631,2713
713.7905432616823,2658
716.0649857420548,2636
718.3388077687592,2703
720.612009561953,2664
722.8845913418733,2594
725.1565533288352,2643
727.427895743234,2668
729.6986188055427,2671
731.9687227363137,2694
734.238207756178,2703
736.5070740858458,2668
738.7753219461066,2664
741.0429515578281,2542
743.3099631419569,2636
745.5763569195191,2650
747.8421331116193,2576
750.1072919394409,2673
752.3718336242467,2630
754.6357583873777,2679
756.8990664502545,2681
759.1617580343765,2595
761.423833361321,2685
763.6852926527457,2668
765.9461361303862,2676
768.206364016058,2615
770.4659765316536,2729
772.7249738991469,2706
774.9833563405886,2666
777.2411240781092,2680
779.4982773339183,2665
781.7548163303044,2732
784.010741289634,2653
786.2660524343538,2771
788.5207499869881,2636
790.7748341701416,2607
793.0283052064964,2695
795.2811633188143,2810
797.5334087299362,2733
799.7850416627813,2756
802.0360623403484,2671
804.2864709857143,2785
806.5362678220353,2681
808.7854530725468,2647
811.0340269605625,2660
813.2819897094754,2674
815.5293415427581,2724
817.77608268396,2740
820.0222133567116,2709
822.2677337847211,2746
824.5126441917765,2677
826.7569448017433,2787
829.0006358385675,2660
831.2437175262731,2709
833.4861900889629,2722
835.7280537508192,2743
837.9693087361026,2777
840.2099552691533,2772
842.4499935743896,2699
844.689423876309,2702
846.9282463994886,2724
849.1664613685833,2771
851.4040690083276,2698
853.6410695435349,2724
855.877463199097,2740
858.1132501999847,2700
860.3484307712487,2713
862.5830051380175,2778
864.8169735254988,2842
867.0503361589791,2731
869.2830932638243,2781
871.5152450654786,2729
873.7467917894654,2769
875.9777336613873,2839
878.2080709069252,2710
880.4378037518389,2733
882.666932421968,2785
884.8954571432301,2816
887.1233781416219,2814
889.3506956432192,2850
891.5774098741766,2867
893.803521060728,2864
896.0290294291852,2745
898.2539352059397,2734
900.4782386174619,2860
902.7019398903011,2784
904.925039251085,2759
907.147536926521,2794
909.3694331433943,2679
911.59072812857,2814
913.8114221089921,2695
916.0315153116827,2736
918.2510079637437,2818
920.4699002923547,2773
922.6881925247761,2732
924.905884888345,2750
927.1229776104793,2755
929.3394709186747,2691
931.555365040506,2796
933.7706602036275,2731
935.9853566357709,2726
938.1994545647489,2830
940.4129542184515,2733
942.6258558248488,2682
944.8381596119883,2746
947.0498658079974,2697
949.2609746410825,2793
951.4714863395287,2680
953.6814011316998,2693
955.8907192460387,2712
958.0994409110671,2660
960.3075663553858,2803
962.5150958076741,2681
964.7220294966913,2774
966.928367651274,2701
969.1341105003388,2722
971.3392582728806,2645
973.5438111979742,2723
975.747769504772,2729
977.9511334225061,2699
980.153903180487,2677
982.3560790081052,2604
984.5576611348289,2734
986.7586497902058,2670
988.9590452038618,2624
991.158847605503,2635
993.3580572249133,2587
995.5566742919558,2615
997.7546990365728,2587
999.952131688785,2531
1002.1489724786926,2553
1004.3452216364743,2555
1006.5408793923874,2685
1008.7359459767691,2489
1010.9304216200343,2477
1013.1243065526781,2524
1015.3176010052733,2537
1017.510305208472,2471
1019.7024193930064,2409
1021.8939437896848,2482
1024.0848786293977,2444
1026.2752241431122,2496
1028.4649805618747,2539
1030.6541481168115,2485
1032.842727039127,2472
1035.0307175601051,2413
1037.2181199111074,2466
1039.4049343235752,2408
1041.591161029029,2456
1043.7768002590683,2505
1045.9618522453698,2426
1048.1463172196918,2471
1050.3301954138697,2484
1052.513487059818,2452
1054.69619238953,2402
1056.8783116350783,2506
1059.0598450286152,2445
1061.2407928023704,2437
1063.4211551886528,2466
1065.6009324198508,2489
1067.780124728432,2432
1069.9587323469414,2472
1072.1367555080046,2484
1074.314194444325,2490
1076.4910493886855,2477
1078.667320573947,2386
1080.843008233051,2459
1083.0181125990161,2515
1085.1926339049414,2435
1087.3665723840027,2460
1089.5399282694575,2373
1091.7127017946405,2431
1093.8848931929647,2381
1096.0565026979243,2409
1098.2275305430899,2398
1100.3979769621128,2416
1102.567842188722,2369
1104.737126456726,2353
1106.9058300000124,2386
1109.0739530525475,2321
1111.2414958483764,2367
1113.4084586216231,2365
1115.5748416064907,2394
1117.7406450372605,2413
1119.9058691482942,2347
1122.0705141740304,2410
1124.2345803489884,2339
1126.3980679077658,2332
1128.5609770850388,2330
1130.7233081155623,2468
1132.8850612341707,2387
1135.0462366757774,2363
1137.2068346753745,2428
1139.3668554680326,2422
1141.526299288901,2375
1143.68516637321,2382
1145.8434569562655,2392
1148.001171273455,2416
1150.158309560244,2420
1152.3148720521767,2365
1154.470858984876,2397
1156.626270594044,2344
1158.7811071154629,2339
1160.9353687849912,2356
1163.089055838569,2306
1165.242168512213,2339
1167.3947070420209,2383
1169.5466716641677,2368
1171.6980626149075,2283
1173.8488801305748,2375
1175.9991244475814,2301
1178.1487958024186,2424
1180.2978944316555,2345
1182.4464205719428,2356
1184.5943744600072,2376
1186.7417563326567,2330
1188.8885664267755,2357
1191.0348049793297,2351
1193.1804722273619,2346
1195.325568407995,2450
1197.4700937584303,2362
1199.614048515948,2388
1201.7574329179074,2371
1203.900247201746,2377
1206.042491604982,2440
1208.1841663652099,2420
1210.3252717201053,2412
1212.465807907422,2435
1214.6057751649923,2405
1216.7451737307279,2375
1218.8840038426192,2432
1221.0222657387353,2369
1223.1599596572241,2476
1225.2970858363137,2426
1227.4336445143094,2428
1229.5696359295966,2442
1231.705060320639,2432
1233.8399179259786,2455
1235.9742089842384,2457
1238.107933734118,2424
1240.2410924143974,2396
1242.373685263935,2413
1244.5057125216676,2497
1246.6371744266116,2375
1248.7680712178621,2380
1250.898403134593,2515
1253.028170416058,2493
1255.1573733015875,2401
1257.2860120305932,2429
1259.4140868425648,2520
1261.54159797707,2389
1263.6685456737569,2464
1265.7949301723515,2440
1267.9207517126597,2451
1270.046010534565,2533
1272.1707068780306,2507
1274.2948409830983,2463
1276.4184130898889,2456
1278.541423438603,2554
1280.6638722695184,2530
1282.785759822993,2567
1284.9070863394636,2599
1287.0278520594447,2606
1289.1480572235314,2592
1291.2677020723963,2628
1293.3867868467923,2629
1295.5053117875495,2568
1297.623277135579,2585
1299.740683131868,2677
1301.8575300174857,2687
1303.973818033578,2635
1306.0895474213703,2740
1308.2047184221678,2665
1310.3193312773528,2657
1312.4333862283888,2674
1314.5468835168163,2724
1316.659823384255,2691
1318.7722060724045,2736
1320.8840318230418,2721
1322.9953008780249,2743
1325.1060134792888,2627
1327.2161698688478,2653
1329.3257702887959,2692
1331.4348149813054,2688
1333.5433041886276,2657
1335.6512381530933,2637
1337.7586171171101,2698
1339.8654413231675,2659
1341.9717110138317,2673
1344.0774264317488,2602
1346.1825878196432,2586
1348.2871954203192,2693
1350.3912494766587,2766
1352.4947502316231,2614
1354.5976979282532,2692
1356.7000928096686,2702
1358.8019351190665,2672
1360.9032250997243,2599
1363.0039629949988,2575
1365.1041490483235,2533
1367.2037835032133,2588
1369.3028666032606,2669
1371.401398592137,2611
1373.4993797135926,2683
1375.5968102114575,2648
1377.6936903296396,2632
1379.7900203121262,2653
1381.8858004029835,2692
1383.9810308463561,2605
1386.075711886469,2590
1388.1698437676241,2691
1390.2634267342032,2750
1392.356461030667,2683
1394.4489469015557,2798
1396.5408845914872,2700
1398.6322743451592,2724
1400.7231164073469,2649
1402.813411022907,2694
1404.903158436773,2644
1406.9923588939578,2780
1409.0810126395531,2809
1411.1691199187303,2775
1413.2566809767386,2666
1415.343696058907,2768
1417.4301654106425,2675
1419.5160892774315,2747
1421.6014679048399,2726
1423.6863015385125,2823
1425.7705904241707,2778
1427.8543348076178,2737
1429.9375349347342,2853
1432.0201910514802,2826
1434.102303403894,2796
1436.1838722380944,2870
1438.2648978002767,2944
1440.3453803367174,2874
1442.4253200937692,2961
1444.5047173178677,3023
1446.5835722555234,2944
1448.6618851533285,2949
1450.739656257952,3054
1452.8168858161434,3009
1454.8935740747306,3058
1456.96972128062,3087
1459.045327680797,3132
1461.120393522327,3156
1463.1949190523528,3195
1465.2689045180973,3309
1467.3423501668608,3281
1469.415256246024,3364
1471.4876230030463,3371
1473.559450685465,3396
1475.6307395408976,3454
1477.7014898170391,3471
1479.771701761665,3508
1481.8413756226287,3426
1483.9105116478618,3461
1485.9791100853772,3584
1488.0471711832643,3646
1490.1146951896926,3684
1492.1816823529098,3690
1494.2481329212433,3696
1496.3140471430984,3658
1498.3794252669609,3727
1500.4442675413939,3820
1502.5085742150404,3835
1504.572345536622,3844
1506.6355817549388,3875
1508.6982831188702,3934
1510.7604498773744,3949
1512.8220822794883,3886
1514.8831805743293,4039
1516.9437450110909,4041
1519.003775839048,3915
1521.0632733075522,4075
1523.1222376660367,4161
1525.1806691640113,4305
1527.2385680510652,4238
1529.2959345768668,4320
1531.3527689911643,4314
1533.4090715437833,4393
1535.4648424846291,4337
1537.5200820636855,4493
1539.5747905310159,4527
1541.6289681367616,4514
1543.6826151311434,4568
1545.7357317644614,4639
1547.7883182870937,4562
1549.8403749494987,4783
1551.8919020022113,4814
1553.9428996958477,4890
1555.9933682811015,4957
1558.0433080087469,5120
1560.0927191296346,5107
1562.1416018946961,5227
1564.1899565549415,5117
1566.2377833614592,5167
1568.2850825654164,5159
1570.3318544180606,5053
1572.3780991707158,4979
1574.423817074788,4913
1576.4690083817595,4833
1578.5136733431923,4638
1580.5578122107272,4323
1582.601425236085,4327
1584.6445126710646,4106
1586.6870747675434,3959
1588.7291117774776,3783
1590.7706239529034,3743
1592.8116115459347,3580
1594.8520748087658,3584
1596.8920139936686,3455
1598.9314293529933,3312
1600.9703211391711,3191
1603.008689604711,3293
1605.0465350022005,3125
1607.0838575843068,3086
1609.1206576037753,3130
1611.1569353134305,3010
1613.1926909661765,2948
1615.2279248149953,2901
1617.2626371129481,2944
1619.2968281131757,2926
1621.3304980688963,2908
1623.3636472334088,2800
1625.39627586009,2829
1627.428384202396,2874
1629.459972513861,2831
1631.4910410480993,2757
1633.5215900588028,2798
1635.551619799744,2771
1637.5811305247717,2803
1639.6101224878166,2803
1641.6385959428862,2694
1643.6665511440683,2800
1645.693988345528,2720
1647.7209078015112,2753
1649.7473097663405,2658
1651.7731944944203,2673
1653.7985622402307,2714
1655.823413258333,2669
1657.847747803366,2591
1659.8715661300494,2621
1661.8948684931793,2646
1663.9176551476316,2581
1665.9399263483624,2607
1667.9616823504057,2661
1669.982923408873,2646
1672.0036497789574,2596
1674.0238617159293,2684
1676.043559475138,2667
1678.0627433120121,2598
1680.081413482059,2630
1682.0995702408654,2650
1684.117213844096,2608
1686.134344547495,2594
1688.1509626068864,2518
1690.1670682781705,2626
1692.182661817329,2581
1694.1977434804217,2534
1696.2123135235875,2620
1698.226372203043,2609
1700.2399197750851,2634
1702.2529564960905,2640
1704.2654826225112,2626
1706.277498410882,2588
1708.2890041178139,2582
1710.2999999999988,2622
1712.3104863142066,2572
1714.3204633172854,2576
1716.329931266163,2542
1718.3388904178469,2582
1720.3473410294214,2563
1722.3552833580516,2551
1724.3627176609807,2632
1726.3696441955308,2552
1728.3760632191033,2620
1730.3819749891782,2477
1732.3873797633146,2583
1734.3922777991502,2593
1736.3966693544012,2615
1738.4005546868639,2532
1740.4039340544127,2545
1742.406807715001,2583
1744.4091759266616,2518
1746.4110389475054,2549
1748.4123970357223,2582
1750.413250449582,2583
1752.4135994474318,2587
1754.4134442876993,2559
1756.4127852288902,2507
1758.4116225295893,2501
1760.4099564484595,2484
1762.407787244244,2530
1764.405115175764,2504
1766.4019405019203,2501
1768.3982634816916,2503
1770.3940843741357,2481
1772.3894034383907,2441
1774.3842209336717,2458
1776.378537119274,2487
1778.372352254571,2546
1780.3656665990156,2520
1782.3584804121397,2449
1784.3507939535534,2500
1786.3426074829463,2444
1788.3339212600863,2542
1790.3247355448211,2476
1792.3150505970766,2478
1794.3048666768573,2512
1796.2941840442477,2551
1798.2830029594106,2544
1800.2713236825884,2551
1802.2591464741004,2488
1804.2464715943465,2507
1806.2332993038058,2567
1808.2196298630352,2515
1810.2054635326708,2495
1812.190800573428,2623
1814.175641246101,2524
1816.1599858115628,2526
1818.1438345307652,2543
1820.127187664738,2499
1822.1100454745924,2469
1824.092408221516,2540
1826.0742761667766,2541
1828.055649571721,2518
1830.0365286977735,2492
1832.0169138064398,2512
1833.9968051593014,2490
1835.9762030180214,2500
1837.9551076443408,2459
1839.9335193000788,2576
1841.9114382471344,2457
1843.888864747485,2540
1845.8657990631878,2446
1847.842241456378,2496
1849.8181921892697,2535
1851.7936515241558,2415
1853.7686197234098,2508
1855.7430970494815,2481
1857.7170837649014,2444
1859.6905801322787,2529
1861.6635864143004,2505
1863.6361028737338,2509
1865.608129773424,2497
1867.5796673762961,2502
1869.5507159453537,2626
1871.521275743678,2506
1873.4913470344313,2548
1875.4609300808534,2540
1877.4300251462632,2562
1879.3986324940588,2499
1881.366752387717,2585
1883.3343850907936,2661
1885.3015308669228,2595
1887.268189979819,2475
1889.2343626932739,2534
1891.2000492711595,2577
1893.1652499774254,2468
1895.1299650761011,2525
1897.0941948312952,2585
1899.0579395071945,2551
1901.0211993680641,2535
1902.98397467825,2534
1904.9462657021745,2608
1906.9080727043415,2582
1908.869395949332,2598
1910.8302357018065,2545
1912.790592226504,2480
1914.7504657882428,2502
1916.7098566519212,2450
1918.6687650825133,2516
1920.6271913450764,2574
1922.5851357047422,2502
1924.5425984267245,2559
1926.499579776314,2559
1928.4560800188833,2533
1930.4120994198802,2608
1932.367638244833,2566
1934.32269675935,2607
1936.2772752291175,2633
1938.231373919899,2595
1940.1849930975404,2539
1942.1381330279637,2579
1944.0907939771696,2535
1946.0429762112412,2564
1947.9946799963363,2617
1949.9459055986945,2484
1951.896653284633,2503
1953.8469233205478,2532
1955.7967159729142,2503
1957.7460315082863,2572
1959.6948701932974,2575
1961.6432322946594,2640
1963.5911180791632,2584
1965.5385278136787,2573
1967.4854617651545,2510
1969.4319202006182,2534
1971.377903387176,2575
1973.3234115920136,2556
1975.268445082395,2573
1977.2130041256642,2551
1979.1570889892423,2555
1981.1006999406304,2584
1983.04383724741,2584
1984.986501177238,2589
1986.928691997853,2579
1988.8704099770712,2583
1990.811655382789,2519
1992.7524284829801,2629
1994.692729545698,2622
1996.6325588390755,2537
1998.5719166313224,2608
2000.5108031907307,2551
2002.4492187856677,2572
2004.387163684583,2495
2006.3246381560011,2531
2008.2616424685298,2489
2010.1981768908527,2455
2012.1342416917332,2575
2014.069837140014,2505
2016.0049635046162,2573
2017.9396210545406,2563
2019.8738100588666,2522
2021.8075307867502,2580
2023.740783507431,2615
2025.6735684902228,2452
2027.6058860045214,2475
2029.5377363198004,2558
2031.4691197056118,2550
2033.4000364315875,2567
2035.3304867674374,2553
2037.260470982952,2531
2039.189989347998,2544
2041.1190421325232,2523
2043.047629606554,2540
2044.9757520401945,2535
2046.9034097036288,2583
2048.8306028671195,2600
2050.7573318010086,2595
2052.683596775716,2523
2054.609398061742,2529
2056.5347359296647,2603
2058.4596106501403,2592
2060.384022493906,2475
2062.3079717317764,2592
2064.231458634646,2576
2066.1544834734873,2555
2068.077046519352,2571
2069.99914804337,2592
2071.9207883167524,2536
2073.8419676107865,2607
2075.7626861968406,2534
2077.6829443463607,2590
2079.6027423308715,2641
2081.522080421977,2586
2083.440958891362,2607
2085.359378010786,2617
2087.2773380520907,2645
2089.194839287196,2634
2091.111881988101,2564
2093.0284664268825,2671
2094.9445928756973,2583
2096.86026160678,2575
2098.775472892446,2698
2100.690227005088,2622
2102.604524217178,2573
2104.5183648012676,2653
2106.431749029985,2653
2108.34467717604,2583
2110.2571495122206,2607
2112.169166311393,2566
2114.080727846503,2593
2115.9918343905747,2517
2117.902486216711,2683
2119.8126835980956,2685
2121.722426807987,2661
2123.6317161197285,2672
2125.5405518067364,2677
2127.448934142509,2655
2129.356863400624,2656
2131.264339854737,2711
2133.1713637785815,2684
2135.077935445972,2643
2136.9840551308002,2623
2138.889723107037,2695
2140.7949396487334,2656
2142.699705030018,2638
2144.6040195250994,2644
2146.507883408264,2685
2148.4112969538774,2705
2150.3142604363848,2671
2152.2167741303097,2647
2154.1188383102535,2691
2156.0204532508997,2617
2157.9216192270064,2679
2159.822336513414,2676
2161.7226053850413,2670
2163.622426116884,2692
2165.5217989840185,2667
2167.4207242616,2601
2169.319202224862,2610
2171.2172331491165,2749
2173.1148173097563,2763
2175.0119549822507,2664
2176.90864644215,2687
2178.8048919650823,2686
2180.7006918267534,2771
2182.596046302952,2748
2184.4909556695407,2676
2186.3854202024645,2707
2188.279440177746,2729
2190.173015871487,2736
2192.066147559868,2758
2193.958835519149,2731
2195.851080025667,2689
2197.7428813558417,2753
2199.6342397861667,2797
2201.5251555932186,2758
2203.415629053651,2751
2205.3056604441986,2806
2207.19525004167,2724
2209.084398122958,2780
2210.9731049650327,2770
2212.861370844941,2712
2214.749196039812,2816
2216.636580826851,2805
2218.523525483344,2759
2220.410030286655,2705
2222.296095514226,2691
2224.1817214435805,2761
2226.066908352319,2720
2227.951656518121,2724
2229.835966218746,2810
2231.71983773203,2704
2233.6032713358913,2721
2235.486267308324,2808
2237.3688259274036,2762
2239.2509474712824,2778
2241.132632218193,2809
2243.013880446447,2793
2244.8946924344323,2888
2246.7750684606203,2714
2248.6550088035574,2736
2250.534513741871,2819
2252.413583554265,2788
2254.292218519526,2843
2256.170418916517,2711
2258.0481850241786,2695
2259.925517121534,2783
2261.8024154876825,2749
2263.678880401803,2802
2265.5549121431536,2695
2267.430510991071,2708
2269.305677224971,2747
2271.180411124348,2715
2273.0547129687766,2757
2274.9285830379076,2753
2276.8020216114737,2750
2278.6750289692845,2730
2280.5476053912294,2817
2282.4197511572766,2764
2284.2914665474727,2671
2286.162751841943,2843
2288.0336073208937,2819
2289.904033264608,2846
2291.774029953448,2732
2293.6435976678554,2696
2295.5127366883517,2741
2297.381447295534,2749
2299.2497297700825,2707
2301.1175843927526,2765
2302.9850114443825,2696
2304.852011205885,2728
2306.7185839582553,2665
2308.5847299825664,2666
2310.4504495599676,2636
2312.3157429716925,2684
2314.1806104990483,2622
2316.0450524234247,2553
2317.9090690262888,2673
2319.772660589186,2646
2321.635827393742,2675
2323.498569721661,2669
2325.3608878547248,2665
2327.2227820747967,2681
2329.0842526638157,2651
2330.945299903803,2600
2332.805924076857,2632
2334.6661254651535,2573
2336.525904350951,2638
2338.3852610165827,2576
2340.244195744464,2672
2342.102708817088,2688
2343.9608005170253,2703
2345.8184711269287,2688
2347.675720929526,2547
2349.532550207628,2607
2351.38895924412,2721
2353.24494832197,2663
2355.100517724223,2727
2356.955667734004,2688
2358.810398634514,2681
2360.664710709037,2611
2362.5186042409337,2684
2364.3720795136437,2682
2366.225136810686,2743
2368.0777764156583,2644
2369.929998612237,2686
2371.7818036841777,2711
2373.633191915315,2771
2375.484163589562,2665
2377.3347189909114,2679
2379.184858403434,2686
2381.03458211128,2638
2382.8838903986775,2666
2384.732783549936,2738
2386.5812618494406,2724
2388.4293255816588,2722
2390.2769750311327,2673
2392.1242104824883,2660
2393.971032220427,2675
2395.8174405297295,2697
2397.6634356952563,2733
2399.509018001947,2746
2401.3541877348193,2615
2403.1989451789705,2711
2405.043290619576,2762
2406.8872243418905,2740
2408.730746631247,2699
2410.5738577730594,2794
2412.4165580528183,2679
2414.258847756095,2761
2416.100727168537,2767
2417.9421965758734,2800
2419.783256263912,2698
2421.623906518538,2691
2423.4641476257157,2656
2425.303979871491,2692
2427.143403541984,2832
2428.9824189233977,2743
2430.821026302012,2678
2432.6592259641866,2764
2434.497018196361,2712
2436.33440328505,2724
2438.171381516851,2708
2440.00795317844,2797
2441.844118556569,2808
2443.6798779380724,2802
2445.5152316098606,2822
2447.3501798589255,2765
2449.1847229723357,2830
2451.0188612372403,2714
2452.8525949408663,2800
2454.6859243705203,2675
2456.518849813587,2783
2458.3513715575314,2834
2460.183489889895,2842
2462.015205098301,2731
2463.8465174704493,2735
2465.67742729412,2739
2467.5079348571717,2750
2469.338040447542,2784
2471.1677443532476,2739
2472.9970468623833,2686
2474.825948263123,2739
2476.6544488437207,2808
2478.482548892508,2868
2480.310248697896,2865
2482.137548548374,2927
2483.9644487325118,2772
2485.790949538956,2794
2487.617051256433,2864
2489.44275417375,2831
2491.26805857979,2807
2493.0929647635157,2888
2494.917473013971,2808
2496.741583620276,2807
2498.5652968716304,2808
2500.3886130573137,2811
2502.2115324666834,2803
2504.0340553891765,2853
2505.856182114308,2741
2507.6779129316733,2850
2509.499248130945,2793
2511.3201880018764,2724
2513.140732834298,2817
2514.9608829181198,2779
2516.780638543331,2891
2518.6,2803
2520.418967578273,2901
2522.237541568376,2913
2524.0557222606144,2937
2525.8735099453706,2856
2527.6909049131086,2875
2529.507907454368,2931
2531.32451785977,2820
2533.140736420014,2809
2534.9565634258774,2904
2536.771999168218,2871
2538.5870439379714,2972
2540.4016980261526,2942
2542.2159617238544,2952
2544.02983532225,3038
2545.8433191125914,3018
2547.656413386209,2951
2549.4691184345115,2887
2551.2814345489874,2938
2553.093362021204,3014
2554.904901142808,2977
2556.716052205523,3094
2558.526815501153,3003
2560.3371913215824,2999
2562.147179958771,3024
2563.956781704761,2946
2565.7659968516705,3017
2567.5748256916986,3107
2569.3832685171224,3113
2571.1913256202984,2986
2572.9989972936614,3034
2574.806283829725,3040
2576.613185521084,3072
2578.4197026604074,3119
2580.2258355404483,3148
2582.031584454035,3113
2583.836949694077,3105
2585.6419315535613,3184
2587.4465303255533,3194
2589.2507463032002,3171
2591.0545797797245,3141
2592.8580310484303,3155
2594.6611004026995,3223
2596.463788135992,3168
2598.266094541849,3232
2600.0680199138874,3193
2601.869564545807,3170
2603.670728731383,3184
2605.4715127644704,3272
2607.2719169390048,3230
2609.071941548998,3244
2610.8715868885433,3166
2612.670853251811,3048
2614.469740933052,3164
2616.268250226594,3154
2618.0663814268455,3252
2619.864134828292,3199
2621.6615107255006,3280
2623.458509413115,3184
2625.2551311858597,3243
2627.0513763385347,3212
2628.8472451660223,3128
2630.6427379632833,3123
2632.4378550253564,3180
2634.232596647359,3107
2636.026963124488,3155
2637.8209547520187,3120
2639.6145718253065,3159
2641.407814639785,3096
2643.200683490966,3018
2644.9931786744414,3088
2646.7853004858807,3019
2648.577049221034,2993
2650.3684251757277,3135
2652.1594286458712,3117
2653.9500599274484,3084
2655.740319316525,3068
2657.5302071092437,3024
2659.3197236018286,2993
2661.10886909058,3007
2662.8976438718782,3006
2664.686048242183,3004
2666.4740824980327,2936
2668.2617469360443,3004
2670.0490418529134,2916
2671.8359675454153,2953
2673.622524310403,2910
2675.408712444811,2934
2677.1945322456495,2938
2678.979984010009,2895
2680.76506803506,2919
2682.5497846180497,2808
2684.334134056306,2953
2686.1181166472343,2858
2687.9017326883213,2838
2689.6849824771293,2794
2691.4678663113013,2922
2693.2503844885596,2904
2695.032537306705,2862
2696.8143250636167,2867
2698.5957480572542,2838
2700.3768065856534,2903
2702.1575009469316,2824
2703.937831439283,2875
2705.717798360982,2835
2707.4974020103837,2881
2709.276642685917,2784
2711.055520686095,2878
2712.834036309506,2915
2714.612189854819,2852
2716.389981620782,2814
2718.1674119062204,2745
2719.944481010041,2844
2721.721189231226,2828
2723.4975368688415,2806
2725.273524222027,2770
2727.0491515900053,2738
2728.824419272075,2794
2730.5993275676146,2832
2732.3738767760838,2811
2734.148067197016,2747
2735.921899130031,2797
2737.6953728748194,2816
2739.468488731156,2764
2741.2412469988926,2829
2743.0136479779617,2783
2744.785691968372,2785
2746.5573792702116,2887
2748.3287101836504,2738
2750.099685008934,2739
2751.870304046388,2786
2753.640567596418,2770
2755.4104759595057,2866
2757.1800294362156,2816
2758.949228327187,2766
2760.7180729331412,2727
2762.486563554877,2817
2764.254700493272,2713
2766.022484049284,2698
2767.789914523947,2859
2769.5569922183786,2782
2771.3237174337705,2825
2773.090090471394,2728
2774.8561116326036,2722
2776.6217812188274,2792
2778.3870995315756,2810
2780.1520668724356,2755
2781.9166835430747,2767
2783.6809498452394,2723
2785.444866080754,2837
2787.2084325515225,2873
2788.971649559527,2792
2790.73451740683,2780
2792.4970363955713,2782
2794.2592068279705,2785
2796.0210290063264,2790
2797.7825032330147,2752
2799.543629810493,2822
2801.304409041296,2846
2803.0648412280366,2826
2804.8249266734088,2763
2806.5846656801846,2781
2808.344058551212,2768
2810.1031055894246,2809
2811.8618070978273,2817
2813.6201633795085,2766
2815.378174737636,2749
2817.1358414754536,2828
2818.893163896285,2845
2820.6501423035334,2818
2822.4067770006814,2835
2824.1630682912883,2818
2825.9190164789957,2864
2827.6746218675207,2837
2829.429884760661,2880
2831.184805462294,2823
2832.9393842763743,2852
2834.693621506936,2845
2836.4475174580916,2784
2838.201072434034,2812
2839.954286739034,2907
2841.707160677441,2789
2843.459694553685,2893
2845.2118886722724,2753
2846.96374333779,2841
2848.7152588549034,2824
2850.4664355283567,2892
2852.217273662973,2786
2853.9677735636546,2840
2855.7179355353833,2819
2857.4677598832186,2852
2859.217246912299,2828
2860.9663969278427,2893
2862.715210235146,2740
2864.4636871395846,2836
2866.211827946614,2819
2867.9596329617652,2793
2869.7071024906536,2800
2871.4542368389684,2948
2873.20103631248,2828
2874.947501217038,2769
2876.6936318585695,2779
2878.4394285430812,2825
2880.1848915766604,2790
2881.9300212654707,2797
2883.6748179157553,2821
2885.4192818338374,2811
2887.1634133261173,2838
2888.907212699077,2808
2890.6506802592744,2889
2892.393816313348,2861
2894.1366211680142,2755
2895.8790951300693,2774
2897.621238506388,2844
2899.363051603925,2868
2901.1045347297118,2829
2902.8456881908596,2875
2904.58651229456,2766
2906.327007348081,2823
2908.067173658772,2773
2909.8070115340597,2784
2911.5465212814497,2807
2913.285703208527,2794
2915.0245576229563,2863
2916.7630848324807,2864
2918.5012851449196,2836
2920.2391588681758,2828
2921.976706310227,2789
2923.7139277791334,2813
2925.4508235830313,2914
2927.187394030137,2800
2928.923639428745,2922
2930.6595600872306,2878
2932.395156314046,2890
2934.1304284177218,2844
2935.8653767068713,2873
2937.6000014901815,2833
2939.3343030764227,2869
2941.068281774442,2861
2942.8019378931644,2911
2944.5352717415976,2981
2946.2682836288236,2914
2948.0009738640065,2866
2949.7333427563885,2908
2951.465390615289,2970
2953.1971177501086,2875
2954.9285244703265,2868
2956.6596110855,2966
2958.3903779052657,2865
2960.1208252393385,2848
2961.8509533975125,2858
2963.5807626896617,2792
2965.3102534257378,2854
2967.0394259157715,2802
2968.768280469873,2829
2970.496817398232,2924
2972.2250370111146,2894
2973.952939618869,2874
2975.6805255319196,2918
2977.4077950607707,2800
2979.134748516006,2881
2980.861386208289,2906
2982.587708448359,2920
2984.313715547037,2901
2986.039407815222,2867
2987.764785563891,2870
2989.489849104102,2853
2991.2145987469908,2790
2992.9390348037705,2910
2994.6631575857346,2876
2996.3869674042576,2923
2998.1104645707887,2933
2999.83364939686,2809
3001.5565221940783,2954
3003.2790832741334,2893
3005.0013329487924,2873
3006.7232715298996,2832
3008.4448993293804,2776
3010.166216659239,2914
3011.887223831558,2844
3013.607921158498,2906
3015.3283089522993,2796
3017.0483875252826,2878
3018.7681571898443,2831
3020.4876182584626,2834
3022.2067710436927,2945
3023.9256158581707,2908
3025.644153014609,2938
3027.362382825801,2863
3029.0803056046193,2913
3030.797921664012,2883
3032.5152313170106,2927
3034.2322348767225,2915
3035.9489326563353,2965
3037.665324969115,2861
3039.3814121284063,2868
3041.097194447633,2879
3042.812672240299,2908
3044.5278458199855,2908
3046.2427155003525,2877
3047.9572815951406,2911
3049.671544418167,2930
3051.38550428333,2839
3053.0991615046073,2900
3054.812516396051,2942
3056.5255692717974,2885
3058.2383204460575,2915
3059.9507702331257,2862
3061.662918947372,2842
3063.3747669032446,2898
3065.0863144152736,2969
3066.7975617980674,2892
3068.508509366309,2998
3070.219157434767,2918
3071.9295063182844,2975
3073.639556331785,2939
3075.3493077902704,2919
3077.058761008821,2952
3078.7679163025964,2868
3080.476773986837,2941
3082.1853343768594,2935
3083.89359778806,2913
3085.6015645359153,2932
3087.3092349359786,3014
3089.016609303884,2986
3090.7236879553434,2989
3092.4304712061476,2907
3094.136959372166,2912
3095.843152769349,2999
3097.5490517137237,2966
3099.2546565213966,2981
3100.959967508554,2925
3102.66498499146,2927
3104.3697092864577,3030
3106.0741407099695,2865
3107.778279578498,2940
3109.482126208622,2983
3111.1856809170004,2982
3112.8889440203716,2979
3114.5919158355528,2968
3116.294596679439,2966
3117.996986869006,2958
3119.6990867213062,2963
3121.4008965534726,2977
3123.102416682717,3084
3124.803647426329,2997
3126.5045891016784,3000
3128.205242026213,2972
3129.90560651746,2991
3131.605682893025,2987
3133.3054714705922,3001
3135.0049725679282,3047
3136.7041865028714,2934
3138.4031135933465,2972
3140.101754157353,2974
3141.800108512971,3019
3143.498176978357,2889
3145.1959598717494,3013
3146.8934575114636,3046
3148.5906702158954,2992
3150.2875983035183,2951
3151.9842420928853,2946
3153.680601902627,2930
3155.376678051456,2927
3157.07247085816,2915
3158.767980641609,3026
3160.463207720748,2895
3162.158152414606,3061
3163.8528150422862,2908
3165.5471959229726,3006
3167.2412953759303,2967
3168.9351137204976,3029
3170.628651276098,2967
3172.3219083622307,3034
3174.014885298474,3060
3175.707582404485,3069
3177.4000000000005,3004
3179.092138404835,3050
3180.7839979388846,3063
3182.47557892212,2993
3184.166881674594,3075
3185.8579065164386,3038
3187.5486537678626,3002
3189.2391237491547,3143
3190.9293167806827,2971
3192.6192331828934,2995
3194.3088732763117,2997
3195.998237381542,2994
3197.687325819268,3009
3199.376138910251,3022
3201.064676975334,2940
3202.7529403354347,2996
3204.4409293115523,2999
3206.1286442247647,3027
3207.816085396229,3032
3209.5032531471825,2985
3211.190147798936,2947
3212.8767696728846,2884
3214.5631190905015,3041
3216.2491963733373,3030
3217.9350018430214,2902
3219.6205358212637,2924
3221.305798629851,2974
3222.990790590651,2906
3224.6755120256103,2952
3226.359963256751,2802
3228.0441446061795,2957
3229.7280563960758,2941
3231.411698948703,2920
3233.0950725863995,3061
3234.778177631587,2949
3236.461014406761,2989
3238.1435832345005,3024
3239.8258844374595,2949
3241.507918338374,3004
3243.1896852600576,3067
3244.8711855254023,2981
3246.552419457381,3033
3248.233387379042,3039
3249.914089613516,3102
3251.59452648401,3018
3253.274698313813,3027
3254.95460542629,2928
3256.6342481448855,2972
3258.313626793125,2985
3259.9927416946084,2971
3261.6715931730196,2906
3263.3501815521176,2982
3265.0285071557437,3008
3266.706570307815,2990
3268.3843713323286,3011
3270.0619105533615,2984
3271.739188295068,2997
3273.4162048816834,2923
3275.0929606375184,3041
3276.769455886966,2929
3278.445690954498,3046
3280.1216661646613,2971
3281.797381842087,3074
3283.4728383114807,2955
3285.1480358976296,2922
3286.8229749253996,2975
3288.4976557197333,3020
3290.172078605655,2994
3291.846243908266,2929
3293.5201519527463,2976
3295.193803064357,2968
3296.8671975684374,2980
3298.5403357904024,2943
3300.21321805575,2972
3301.8858446900567,2932
3303.558216018975,2988
3305.23033236824,3094
3306.9021940636603,2930
3308.57380143113,3010
3310.2451547966184,3049
3311.916254486174,3041
3313.5871008259246,3058
3315.2576941420766,3055
3316.9280347609147,3053
3318.5981230088046,2980
3320.2679592121895,2990
3321.9375436975924,2980
3323.606876791612,2956
3325.27595882093,3033
3326.944790112305,2921
3328.6133709925753,3045
3330.2817017886573,3011
3331.949782827547,3013
3333.617614436319,3008
3335.2851969421245,2944
3336.952530672199,2993
3338.619615953853,3106
3340.286453114475,3069
3341.9530424815357,3027
3343.619384382583,3084
3345.2854791452437,3049
3346.951327097224,3005
3348.6169285663073,3164
3350.2822838803577,3075
3351.947393367319,3115
3353.61225735521,3062
3355.2768761721345,3068
3356.9412501462693,3087
3358.605379605873,2982
3360.2692648792827,2974
3361.9329062949146,2999
3363.596304181263,2977
