CollectionTime,6/26/2024 3:06:59 PM
ExposureUsed,3
CalibratedSpectrum
-962.7078968117929,1114
-959.9714848408522,1138
-957.2358232597828,1130
-954.5009119013725,1196
-951.7667505983302,1159
-949.0333391832855,1179
-946.3006774887896,1228
-943.5687653473143,1210
-940.837602591253,1228
-938.1071890529199,1183
-935.3775245645503,1163
-932.6486089583007,1163
-929.9204420662485,1252
-927.1930237203925,1232
-924.4663537526524,1201
-921.7404319948689,1194
-919.0152582788041,1187
-916.2908324361409,1241
-913.5671542984834,1185
-910.8442236973568,1176
-908.1220404642074,1193
-905.4006044304027,1260
-902.679915427231,1192
-899.959973285902,1256
-897.2407778375464,1205
-894.5223289132158,1158
-891.8046263438832,1171
-889.0876699604426,1167
-886.3714595937089,1137
-883.6559950744183,1133
-880.9412762332282,1141
-878.2273029007168,1187
-875.5140749073835,1143
-872.8015920836489,1194
-870.0898542598545,1159
-867.3788612662631,1106
-864.6686129330585,1170
-861.9591090903457,1202
-859.2503495681506,1154
-856.5423341964203,1164
-853.8350628050229,1202
-851.1285352237478,1191
-848.4227512823054,1198
-845.7177108103272,1157
-843.0134136373656,1156
-840.3098595928943,1097
-837.6070485063082,1188
-834.9049802069229,1208
-832.2036545239757,1204
-829.5030712866244,1195
-826.8032303239481,1192
-824.1041314649472,1172
-821.4057745385428,1225
-818.7081593735775,1179
-816.0112857988148,1177
-813.3151536429393,1189
-810.6197627345566,1156
-807.9251129021936,1134
-805.2312039742981,1182
-802.5380357792392,1155
-799.8456081453069,1188
-797.1539209007124,1219
-794.462973873588,1136
-791.772766891987,1229
-789.083299783884,1143
-786.3945723771743,1198
-783.7065844996748,1230
-781.0193359791231,1220
-778.3328266431781,1210
-775.6470563194197,1249
-772.9620248353489,1185
-770.2777320183878,1196
-767.5941776958798,1154
-764.9113616950891,1245
-762.2292838432011,1204
-759.5479439673222,1244
-756.8673418944801,1239
-754.1874774516235,1176
-751.5083504656222,1181
-748.8299607632671,1160
-746.15230817127,1174
-743.475392516264,1180
-740.7992136248035,1235
-738.1237713233636,1231
-735.4490654383407,1157
-732.7750957960521,1213
-730.1018622227365,1229
-727.4293645445534,1231
-724.7576025875837,1260
-722.0865761778291,1248
-719.4162851412126,1231
-716.7467293035781,1233
-714.0779084906909,1263
-711.409822528237,1328
-708.7424712418238,1282
-706.0758544569796,1217
-703.4099719991541,1184
-700.7448236937178,1274
-698.0804093659622,1352
-695.4167288411002,1272
-692.7537819442656,1286
-690.0915685005134,1253
-687.4300883348199,1295
-684.7693412720819,1293
-682.1093271371178,1295
-679.4500457546669,1301
-676.7914969493897,1251
-674.1336805458676,1294
-671.4765963686034,1337
-668.8202442420206,1272
-666.1646239904642,1301
-663.5097354382001,1318
-660.8555784094151,1349
-658.2021527282176,1386
-655.5494582186366,1345
-652.8974947046223,1357
-650.2462620100463,1336
-647.5957599587009,1344
-644.9459883742998,1343
-642.2969470804776,1379
-639.6486359007902,1350
-637.0010546587141,1373
-634.3542031776476,1379
-631.7080812809096,1338
-629.0626887917401,1360
-626.4180255333008,1326
-623.7740913286734,1317
-621.1308860008619,1361
-618.4884093727904,1338
-615.8466612673046,1275
-613.2056415071715,1335
-610.5653499150785,1393
-607.9257863136347,1363
-605.28695052537,1355
-602.6488423727357,1366
-600.0114616781036,1295
-597.3748082637674,1365
-594.7388819519412,1388
-592.1036825647604,1308
-589.4692099242818,1309
-586.8354638524829,1320
-584.2024441712624,1390
-581.5701507024403,1345
-578.9385832677575,1404
-576.3077416888759,1382
-573.6776257873787,1329
-571.0482353847704,1378
-568.4195703024757,1357
-565.7916303618415,1390
-563.164415384135,1483
-560.5379251905453,1367
-557.9121596021815,1365
-555.2871184400748,1394
-552.6628015251767,1396
-550.0392086783606,1414
-547.4163397204204,1356
-544.794194472071,1419
-542.1727727539491,1380
-539.5520743866118,1429
-536.9320991905377,1409
-534.3128469861261,1451
-531.6943175936979,1501
-529.0765108334947,1491
-526.4594265256793,1586
-523.8430644903358,1637
-521.2274245474689,1863
-518.612506517005,1915
-515.9983102187913,1983
-513.3848354725959,2039
-510.77208209810846,2162
-508.16004991493924,2244
-505.5487387426199,2342
-502.9381484006032,2442
-500.3282787082628,2473
-497.71912948489364,2574
-495.1107005497117,2624
-492.5029917218539,2411
-489.8960028203786,2255
-487.28973366426493,2110
-484.68418407241325,1950
-482.07935386364494,1836
-479.47524285670266,1773
-476.87185087025,1759
-474.2691777228715,1691
-471.66722323307334,1717
-469.0659872192821,1567
-466.4654694998459,1647
-463.86566989303384,1642
-461.26658821703614,1620
-458.66822428996414,1665
-456.07057792985,1657
-453.4736489546475,1633
-450.877437182231,1690
-448.28194243039627,1595
-445.68716451686,1573
-443.09310325926003,1595
-440.49975847515555,1546
-437.9071299820263,1574
-435.31521759727354,1569
-432.72402113821954,1533
-430.13354042210767,1589
-427.5437752661022,1563
-424.95472548728867,1575
-422.36639090267386,1633
-419.7787713291855,1702
-417.1918665836721,1660
-414.60567648290385,1652
-412.0202008435715,1725
-409.4354394822874,1655
-406.8513922155845,1679
-404.26805885991723,1675
-401.685439231661,1665
-399.103533147112,1701
-396.522340422488,1599
-393.9418608739278,1583
-391.3620943174908,1596
-388.7830405691583,1610
-386.2046994448317,1536
-383.6270707603344,1388
-381.05015433141045,1314
-378.473949973725,1243
-375.8984575028645,1171
-373.32367673433623,1063
-370.74960748356875,954
-368.1762495659117,875
-365.60360279663576,772
-363.03166699093265,762
-360.4604419639154,711
-357.8899275306178,619
-355.32012350599507,540
-352.7510297049233,594
-350.1826459421999,562
-347.61497203254316,547
-345.04800779059235,522
-342.4817530309082,496
-339.91620756797226,504
-337.35137121618743,504
-334.7872437898774,491
-332.22382510328725,481
-329.66111497058273,511
-327.09911320585127,531
-324.53781962310075,510
-321.9772340362607,529
-319.4173562591816,607
-316.8581861056348,596
-314.2997233893127,614
-311.7419679238294,633
-309.1849195227194,669
-306.62857799943856,590
-304.0729431673641,539
-301.51801483979375,531
-298.963792829947,564
-296.41027695096386,581
-293.85746701590574,631
-291.3053628377552,658
-288.7539642294155,594
-286.2032710037115,597
-283.65328297338897,621
-281.1039999511146,610
-278.5554217494762,724
-276.007548180983,655
-273.4603790580651,623
-270.9139141930734,617
-268.3681533982807,673
-265.8230964858798,629
-263.27874326798565,587
-260.7350935566336,616
-258.1921471637804,673
-255.6499039013039,731
-253.10836358100266,701
-250.56752601459698,668
-248.02739101372765,702
-245.48795838995704,768
-242.94922795476816,775
-240.41119951956557,740
-237.8738728956746,884
-235.33724789434166,904
-232.80132432673452,812
-230.2661020039418,901
-227.73158073697357,817
-225.19776033676033,751
-222.66464061415422,769
-220.1322213799284,725
-217.60050244477725,719
-215.06948361931552,771
-212.53916471408013,706
-210.00954553952818,720
-207.48062590603843,800
-204.9524056239104,907
-202.4248845033651,904
-199.8980623545441,839
-197.37193898751036,849
-194.84651421224817,872
-192.32178783866232,853
-189.79775967657952,804
-187.27442953574644,869
-184.7517972258321,882
-182.2298625564256,870
-179.7086253370378,865
-177.18808537710026,921
-174.66824248596583,1014
-172.14909647290835,1004
-169.6306471471229,991
-167.11289431772548,986
-164.59583779375328,1017
-162.07947738416453,979
-159.5638128978386,996
-157.04884414357605,1036
-154.53457093009854,1129
-152.02099306604828,1088
-149.50811035998936,1067
-146.99592262040665,1116
-144.48442965570587,1129
-141.97363127421409,1248
-139.46352728417958,1347
-136.95411749377126,1386
-134.44540171107985,1640
-131.93737974411636,1445
-129.43005140081357,1299
-126.92341648902493,1316
-124.41747481652521,1502
-121.91222619101006,1517
-119.40767042009657,1385
-116.90380731132257,1264
-114.40063667214702,1346
-111.8981583099503,1479
-109.3963720320337,1528
-106.89527764561933,1377
-104.39487495785067,1473
-101.89516377579241,1727
-99.39614390642998,1601
-96.89781515667039,1471
-94.40017733334128,1678
-91.90323024319173,1740
-89.40697369289148,1556
-86.91140748903172,1405
-84.41653143812482,1625
-81.92234534660395,1847
-79.42884902082358,2013
-76.93604226705907,1895
-74.4439248915071,1898
-71.95249670028534,1922
-69.46175749943245,2080
-66.97170709490854,2331
-64.48234529259423,2696
-61.99367189829195,2762
-59.50568671772464,2809
-57.01838955653636,2944
-54.53178022029283,2752
-52.045858514480074,3076
-49.560624244506016,3325
-47.07607721569923,3445
-44.59221723330904,3321
-42.10904410250669,3126
-39.62655762838392,3879
-37.14475761595372,4970
-34.66364387015028,5247
-32.18321619582866,5818
-29.70347439776515,6469
-27.224418280657005,8070
-24.74604764912317,9948
-22.26836230770266,14448
-19.7913620608565,24756
-17.315046712966478,39067
-14.83941606833514,46982
-12.36446993118659,65040
-9.89020810566592,65040
-7.416630395839093,65040
-4.94373660569363,65040
-2.471526539137585,65040
-6.821210263296962E-13,65040
2.47084320796705,65040
4.941003281093458,65040
7.410480415786196,65040
9.879274808531363,65040
12.347386655893956,65040
14.814816154518212,65040
17.28156350112681,65040
19.74762889252179,65040
22.21301252558385,65040
24.67771459727237,65040
27.141735304626195,27502
29.605074844762612,11956
32.06773341487792,10168
34.52971121224755,8442
36.99100843422559,8780
39.45162527824516,9551
41.91156194181792,10268
44.370818622535126,10661
46.82939551806646,9593
49.287292826160524,10865
51.74451074464503,11878
54.201049471426245,9007
56.65690920448981,6028
59.112090141899785,3945
61.56659248179983,3500
64.02041642241159,3217
66.4735621620365,3178
68.92602989905402,2798
71.37781983192338,2449
73.82893215918205,2836
76.27936707944684,2678
78.72912479141326,2658
81.17820549385567,2415
83.62660938562783,2805
86.07433666566146,2649
88.5213875329681,2782
90.96776218663751,2805
93.41346082583925,2896
95.85848364982041,2656
98.30283085790859,2048
100.7465026495089,2011
103.18949922410604,2434
105.63182078126385,1898
108.07346752062438,2043
110.51443964190923,2035
112.95473734491827,1862
115.39436082953114,1743
117.83331029570547,1612
120.27158594347827,2042
122.7091879729652,1636
125.1461165843615,1367
127.58237197794062,1433
130.01795435405518,1279
132.4528639131364,1293
134.88710085569494,1348
137.32066538231982,1395
139.75355769367923,1339
142.1857779905207,1387
144.61732647366978,1481
147.04820334403132,1371
149.47840880258934,1231
151.90794305040674,1522
154.33680628862487,1702
156.76499871846443,1626
159.19252054122433,1823
161.61937195828352,1935
164.04555317109896,1914
166.47106438120693,2168
168.89590579022217,2662
171.320077599839,2790
173.7435800118302,2712
176.16641322804742,2968
178.58857745042144,3172
181.01007288096173,3215
183.43089972175687,3169
185.85105817497413,3070
188.27054844285988,3180
190.6893707277394,3154
193.10752523201643,3253
195.5250121581745,3396
197.9418317087751,3488
200.3579840864594,3469
202.7734694939469,3658
205.18828813403627,3511
207.6024402096051,3481
210.01592592360964,3421
212.42874547908548,3509
214.84089907914665,3464
217.2523869269868,3435
219.66320922587727,3483
222.0733661791695,3611
224.48285799029293,3508
226.8916848627572,3596
229.29984700014882,3672
231.7073446061355,3737
234.11417788446204,3696
236.520347038953,3791
238.92585227351185,3896
241.33069379212054,3940
243.73487179884035,4023
246.1383864978112,3822
248.541238093252,3820
250.9434267894609,3981
253.34495279081432,3894
255.74581630176783,3853
258.1460175268563,3797
260.54555667069314,3916
262.9444339379703,3878
265.3426495334594,3893
267.7402036620107,3963
270.1370965285529,3725
272.53332833809407,3814
274.9288992957214,3581
277.32380960660055,3593
279.718059475976,3365
282.1116491091717,3410
284.5045787115897,3463
286.89684848871195,3582
289.2884586460981,3531
291.67940938938807,3356
294.0697009242996,3342
296.4593334566299,3237
298.84830719225477,3327
301.23662233712923,3337
303.6242790972866,3368
306.01127767884,3323
308.39761828798066,3363
310.78330113097934,3342
313.16832641418534,3291
315.5526943440269,3171
317.9364051270112,3079
320.3194589697242,3132
322.70185607883093,3010
325.0835966610754,3160
327.4646809232805,3041
329.8451090723478,3057
332.2248813152577,3129
334.6039978590701,3053
336.9824589109231,3108
339.36026467803447,3017
341.7374153677,3003
344.113911187295,3034
346.48975234427337,2992
348.8649390461686,3008
351.2394715005918,2861
353.61334991523415,2897
355.9865744978655,2959
358.35914545633375,2838
360.73106299856715,3007
363.10232733257146,2875
365.47293866643247,2882
367.84289720831396,2980
370.2122031664593,2906
372.5808567491905,2889
374.9488581649083,2840
377.31620762209275,2892
379.6829053293021,2912
382.0489514951745,2947
384.4143463284262,2886
386.7790900378528,2802
389.14318283232853,2810
391.50662492080653,2826
393.86941651231916,2744
396.23155781597745,2789
398.5930490409713,2739
400.9538903965696,2729
403.3140820921202,2746
405.6736243370498,2777
408.03251734086336,2788
410.3907613131465,2679
412.74835646356166,2749
415.10530300185144,2738
417.4616011378372,2870
419.81725108141893,2734
422.1722530425758,2811
424.5266072313656,2779
426.880313857925,2766
429.2333731324701,2709
431.58578526529516,2674
433.9375504667738,2684
436.2886689473588,2747
438.63914091758113,2770
440.9889665880513,2752
443.33814616945835,2706
445.68667987257015,2686
448.03456790823395,2689
450.3818104873759,2764
452.72840782100013,2716
455.07436012019105,2664
457.41966759611057,2681
459.7643304600007,2721
462.10834892318155,2758
464.4517231970525,2755
466.79445349309174,2763
469.1365400228566,2782
471.4779829979826,2803
473.81878263018564,2799
476.15893913125876,2702
478.4984527130747,2866
480.8373235875855,2770
483.17555196682144,2854
485.5131380628919,2912
487.8500820879857,3043
490.1863842543697,3060
492.52204477439034,3269
494.8570638604725,3496
497.1914417251204,3859
499.52517858091653,3958
501.85827464052306,4157
504.19073011668036,4229
506.5225452222086,4308
508.85372017000566,4138
511.18425517304956,4021
513.514150444396,3994
515.8434061971808,4623
518.1720226446176,5189
520.4999999999999,5442
522.8273384766991,5784
525.1540382881666,5893
527.480099647932,5784
529.8055227696037,5092
532.1303078668694,3919
534.454455153496,3088
536.777964843328,2923
539.1008371502907,2755
541.4230722883866,2663
543.744670471698,2628
546.0656319143858,2622
548.3859568306899,2483
550.7056454349294,2575
553.0246979415016,2615
555.3431145648834,2547
557.6608955196306,2484
559.978041020377,2527
562.2945512818363,2532
564.6104265188006,2564
566.9256669461412,2528
569.2402727788082,2524
571.5542442318302,2543
573.8675815203156,2551
576.1802848594508,2543
578.4923544645015,2598
580.8037905508126,2595
583.114593333807,2580
585.4247630289875,2524
587.7342998519354,2539
590.0432040183106,2531
592.3514757438526,2528
594.6591152443794,2525
596.9661227357875,2531
599.2724984340531,2510
601.578242555231,2494
603.8833553154542,2526
606.1878369309362,2577
608.4916876179676,2643
610.7949075929192,2666
613.0974970722403,2583
615.3994562724587,2552
617.7007854101818,2517
620.0014847020951,2593
622.3015543649641,2548
624.6009946156324,2580
626.8998056710224,2633
629.1979877481361,2525
631.4955410640538,2589
633.7924658359349,2577
636.0887622810175,2609
638.3844306166192,2543
640.6794710601358,2598
642.9738838290426,2619
645.2676691408932,2638
647.5608272133207,2517
649.853358264037,2595
652.1452625108324,2692
654.4365401715764,2598
656.7271914642178,2553
659.0172166067838,2577
661.3066158173809,2648
663.5953893141935,2628
665.8835373154867,2593
668.1710600396028,2549
670.4579577049639,2615
672.7442305300709,2515
675.0298787335033,2624
677.3149025339197,2699
679.599302150058,2600
681.8830778007342,2622
684.1662297048437,2614
686.4487580813608,2646
688.7306631493387,2653
691.0119451279091,2630
693.2926042362834,2629
695.5726406937516,2529
697.8520547196814,2577
700.1308465335215,2496
702.4090163547982,2591
704.6865644031171,2587
706.9634908981619,2646
709.2397960596965,2635
711.5154801075631,2619
713.7905432616823,2510
716.0649857420548,2592
718.3388077687592,2551
720.612009561953,2615
722.8845913418733,2596
725.1565533288352,2549
727.427895743234,2596
729.6986188055427,2603
731.9687227363137,2621
734.238207756178,2552
736.5070740858458,2560
738.7753219461066,2563
741.0429515578281,2573
743.3099631419569,2578
745.5763569195191,2545
747.8421331116193,2582
750.1072919394409,2566
752.3718336242467,2651
754.6357583873777,2584
756.8990664502545,2530
759.1617580343765,2621
761.423833361321,2565
763.6852926527457,2584
765.9461361303862,2567
768.206364016058,2664
770.4659765316536,2599
772.7249738991469,2678
774.9833563405886,2599
777.2411240781092,2607
779.4982773339183,2669
781.7548163303044,2650
784.010741289634,2750
786.2660524343538,2751
788.5207499869881,2636
790.7748341701416,2620
793.0283052064964,2672
795.2811633188143,2695
797.5334087299362,2683
799.7850416627813,2699
802.0360623403484,2664
804.2864709857143,2656
806.5362678220353,2697
808.7854530725468,2651
811.0340269605625,2755
813.2819897094754,2674
815.5293415427581,2618
817.77608268396,2610
820.0222133567116,2708
822.2677337847211,2626
824.5126441917765,2698
826.7569448017433,2621
829.0006358385675,2649
831.2437175262731,2612
833.4861900889629,2612
835.7280537508192,2562
837.9693087361026,2656
840.2099552691533,2714
842.4499935743896,2688
844.689423876309,2688
846.9282463994886,2611
849.1664613685833,2654
851.4040690083276,2742
853.6410695435349,2617
855.877463199097,2624
858.1132501999847,2615
860.3484307712487,2666
862.5830051380175,2599
864.8169735254988,2594
867.0503361589791,2581
869.2830932638243,2598
871.5152450654786,2656
873.7467917894654,2713
875.9777336613873,2657
878.2080709069252,2667
880.4378037518389,2706
882.666932421968,2646
884.8954571432301,2746
887.1233781416219,2631
889.3506956432192,2655
891.5774098741766,2721
893.803521060728,2700
896.0290294291852,2657
898.2539352059397,2656
900.4782386174619,2628
902.7019398903011,2718
904.925039251085,2722
907.147536926521,2708
909.3694331433943,2663
911.59072812857,2796
913.8114221089921,2713
916.0315153116827,2625
918.2510079637437,2703
920.4699002923547,2622
922.6881925247761,2575
924.905884888345,2638
927.1229776104793,2686
929.3394709186747,2693
931.555365040506,2665
933.7706602036275,2605
935.9853566357709,2706
938.1994545647489,2701
940.4129542184515,2614
942.6258558248488,2610
944.8381596119883,2691
947.0498658079974,2726
949.2609746410825,2731
951.4714863395287,2678
953.6814011316998,2587
955.8907192460387,2628
958.0994409110671,2631
960.3075663553858,2657
962.5150958076741,2683
964.7220294966913,2601
966.928367651274,2627
969.1341105003388,2588
971.3392582728806,2622
973.5438111979742,2604
975.747769504772,2551
977.9511334225061,2602
980.153903180487,2591
982.3560790081052,2594
984.5576611348289,2616
986.7586497902058,2531
988.9590452038618,2463
991.158847605503,2492
993.3580572249133,2481
995.5566742919558,2461
997.7546990365728,2461
999.952131688785,2435
1002.1489724786926,2431
1004.3452216364743,2404
1006.5408793923874,2433
1008.7359459767691,2372
1010.9304216200343,2396
1013.1243065526781,2376
1015.3176010052733,2360
1017.510305208472,2390
1019.7024193930064,2354
1021.8939437896848,2326
1024.0848786293977,2382
1026.2752241431122,2317
1028.4649805618747,2296
1030.6541481168115,2375
1032.842727039127,2307
1035.0307175601051,2269
1037.2181199111074,2378
1039.4049343235752,2239
1041.591161029029,2260
1043.7768002590683,2291
1045.9618522453698,2297
1048.1463172196918,2280
1050.3301954138697,2269
1052.513487059818,2287
1054.69619238953,2267
1056.8783116350783,2282
1059.0598450286152,2334
1061.2407928023704,2278
1063.4211551886528,2299
1065.6009324198508,2339
1067.780124728432,2207
1069.9587323469414,2228
1072.1367555080046,2245
1074.314194444325,2341
1076.4910493886855,2248
1078.667320573947,2271
1080.843008233051,2208
1083.0181125990161,2331
1085.1926339049414,2259
1087.3665723840027,2229
1089.5399282694575,2165
1091.7127017946405,2203
1093.8848931929647,2223
1096.0565026979243,2244
1098.2275305430899,2215
1100.3979769621128,2154
1102.567842188722,2140
1104.737126456726,2263
1106.9058300000124,2209
1109.0739530525475,2266
1111.2414958483764,2258
1113.4084586216231,2161
1115.5748416064907,2268
1117.7406450372605,2269
1119.9058691482942,2159
1122.0705141740304,2152
1124.2345803489884,2167
1126.3980679077658,2129
1128.5609770850388,2166
1130.7233081155623,2232
1132.8850612341707,2186
1135.0462366757774,2256
1137.2068346753745,2219
1139.3668554680326,2232
1141.526299288901,2218
1143.68516637321,2246
1145.8434569562655,2223
1148.001171273455,2172
1150.158309560244,2146
1152.3148720521767,2236
1154.470858984876,2191
1156.626270594044,2119
1158.7811071154629,2184
1160.9353687849912,2125
1163.089055838569,2149
1165.242168512213,2169
1167.3947070420209,2167
1169.5466716641677,2155
1171.6980626149075,2092
1173.8488801305748,2121
1175.9991244475814,2247
1178.1487958024186,2058
1180.2978944316555,2159
1182.4464205719428,2095
1184.5943744600072,2116
1186.7417563326567,2103
1188.8885664267755,2122
1191.0348049793297,2116
1193.1804722273619,2120
1195.325568407995,2229
1197.4700937584303,2145
1199.614048515948,2097
1201.7574329179074,2158
1203.900247201746,2128
1206.042491604982,2113
1208.1841663652099,2179
1210.3252717201053,2171
1212.465807907422,2114
1214.6057751649923,2140
1216.7451737307279,2143
1218.8840038426192,2143
1221.0222657387353,2148
1223.1599596572241,2257
1225.2970858363137,2236
1227.4336445143094,2154
1229.5696359295966,2180
1231.705060320639,2153
1233.8399179259786,2076
1235.9742089842384,2254
1238.107933734118,2167
1240.2410924143974,2193
1242.373685263935,2189
1244.5057125216676,2122
1246.6371744266116,2244
1248.7680712178621,2120
1250.898403134593,2241
1253.028170416058,2175
1255.1573733015875,2206
1257.2860120305932,2169
1259.4140868425648,2237
1261.54159797707,2239
1263.6685456737569,2272
1265.7949301723515,2177
1267.9207517126597,2279
1270.046010534565,2233
1272.1707068780306,2211
1274.2948409830983,2209
1276.4184130898889,2201
1278.541423438603,2267
1280.6638722695184,2227
1282.785759822993,2333
1284.9070863394636,2241
1287.0278520594447,2278
1289.1480572235314,2278
1291.2677020723963,2343
1293.3867868467923,2292
1295.5053117875495,2293
1297.623277135579,2375
1299.740683131868,2334
1301.8575300174857,2308
1303.973818033578,2351
1306.0895474213703,2367
1308.2047184221678,2397
1310.3193312773528,2391
1312.4333862283888,2325
1314.5468835168163,2366
1316.659823384255,2332
1318.7722060724045,2432
1320.8840318230418,2393
1322.9953008780249,2365
1325.1060134792888,2355
1327.2161698688478,2395
1329.3257702887959,2476
1331.4348149813054,2484
1333.5433041886276,2400
1335.6512381530933,2299
1337.7586171171101,2300
1339.8654413231675,2324
1341.9717110138317,2349
1344.0774264317488,2302
1346.1825878196432,2329
1348.2871954203192,2322
1350.3912494766587,2363
1352.4947502316231,2336
1354.5976979282532,2362
1356.7000928096686,2366
1358.8019351190665,2303
1360.9032250997243,2326
1363.0039629949988,2295
1365.1041490483235,2359
1367.2037835032133,2333
1369.3028666032606,2323
1371.401398592137,2288
1373.4993797135926,2325
1375.5968102114575,2329
1377.6936903296396,2379
1379.7900203121262,2275
1381.8858004029835,2287
1383.9810308463561,2361
1386.075711886469,2390
1388.1698437676241,2412
1390.2634267342032,2364
1392.356461030667,2365
1394.4489469015557,2280
1396.5408845914872,2349
1398.6322743451592,2342
1400.7231164073469,2368
1402.813411022907,2371
1404.903158436773,2351
1406.9923588939578,2361
1409.0810126395531,2427
1411.1691199187303,2365
1413.2566809767386,2331
1415.343696058907,2294
1417.4301654106425,2382
1419.5160892774315,2413
1421.6014679048399,2356
1423.6863015385125,2351
1425.7705904241707,2329
1427.8543348076178,2391
1429.9375349347342,2308
1432.0201910514802,2473
1434.102303403894,2424
1436.1838722380944,2365
1438.2648978002767,2405
1440.3453803367174,2407
1442.4253200937692,2538
1444.5047173178677,2380
1446.5835722555234,2583
1448.6618851533285,2549
1450.739656257952,2584
1452.8168858161434,2576
1454.8935740747306,2598
1456.96972128062,2587
1459.045327680797,2678
1461.120393522327,2750
1463.1949190523528,2697
1465.2689045180973,2686
1467.3423501668608,2669
1469.415256246024,2821
1471.4876230030463,2738
1473.559450685465,2805
1475.6307395408976,2816
1477.7014898170391,2816
1479.771701761665,2711
1481.8413756226287,2915
1483.9105116478618,3009
1485.9791100853772,2956
1488.0471711832643,2887
1490.1146951896926,3075
1492.1816823529098,3066
1494.2481329212433,3069
1496.3140471430984,3151
1498.3794252669609,3028
1500.4442675413939,3041
1502.5085742150404,3149
1504.572345536622,3079
1506.6355817549388,3081
1508.6982831188702,3152
1510.7604498773744,3178
1512.8220822794883,3145
1514.8831805743293,3160
1516.9437450110909,3238
1519.003775839048,3209
1521.0632733075522,3312
1523.1222376660367,3300
1525.1806691640113,3350
1527.2385680510652,3302
1529.2959345768668,3383
1531.3527689911643,3521
1533.4090715437833,3521
1535.4648424846291,3445
1537.5200820636855,3533
1539.5747905310159,3511
1541.6289681367616,3566
1543.6826151311434,3662
1545.7357317644614,3601
1547.7883182870937,3736
1549.8403749494987,3691
1551.8919020022113,3710
1553.9428996958477,3771
1555.9933682811015,3727
1558.0433080087469,3919
1560.0927191296346,3973
1562.1416018946961,3944
1564.1899565549415,4023
1566.2377833614592,3921
1568.2850825654164,3901
1570.3318544180606,4002
1572.3780991707158,3816
1574.423817074788,3738
1576.4690083817595,3622
1578.5136733431923,3540
1580.5578122107272,3364
1582.601425236085,3362
1584.6445126710646,3222
1586.6870747675434,3123
1588.7291117774776,2982
1590.7706239529034,2987
1592.8116115459347,2976
1594.8520748087658,2825
1596.8920139936686,2822
1598.9314293529933,2802
1600.9703211391711,2722
1603.008689604711,2657
1605.0465350022005,2525
1607.0838575843068,2519
1609.1206576037753,2576
1611.1569353134305,2478
1613.1926909661765,2421
1615.2279248149953,2481
1617.2626371129481,2473
1619.2968281131757,2470
1621.3304980688963,2408
1623.3636472334088,2477
1625.39627586009,2394
1627.428384202396,2373
1629.459972513861,2330
1631.4910410480993,2278
1633.5215900588028,2302
1635.551619799744,2303
1637.5811305247717,2267
1639.6101224878166,2224
1641.6385959428862,2251
1643.6665511440683,2273
1645.693988345528,2215
1647.7209078015112,2256
1649.7473097663405,2265
1651.7731944944203,2317
1653.7985622402307,2207
1655.823413258333,2214
1657.847747803366,2292
1659.8715661300494,2240
1661.8948684931793,2223
1663.9176551476316,2226
1665.9399263483624,2288
1667.9616823504057,2232
1669.982923408873,2220
1672.0036497789574,2255
1674.0238617159293,2200
1676.043559475138,2174
1678.0627433120121,2139
1680.081413482059,2169
1682.0995702408654,2187
1684.117213844096,2241
1686.134344547495,2272
1688.1509626068864,2211
1690.1670682781705,2205
1692.182661817329,2236
1694.1977434804217,2231
1696.2123135235875,2239
1698.226372203043,2240
1700.2399197750851,2177
1702.2529564960905,2196
1704.2654826225112,2214
1706.277498410882,2213
1708.2890041178139,2194
1710.2999999999988,2253
1712.3104863142066,2225
1714.3204633172854,2234
1716.329931266163,2288
1718.3388904178469,2217
1720.3473410294214,2246
1722.3552833580516,2184
1724.3627176609807,2229
1726.3696441955308,2101
1728.3760632191033,2211
1730.3819749891782,2190
1732.3873797633146,2137
1734.3922777991502,2141
1736.3966693544012,2183
1738.4005546868639,2227
1740.4039340544127,2221
1742.406807715001,2098
1744.4091759266616,2100
1746.4110389475054,2215
1748.4123970357223,2144
1750.413250449582,2153
1752.4135994474318,2234
1754.4134442876993,2089
1756.4127852288902,2200
1758.4116225295893,2144
1760.4099564484595,2082
1762.407787244244,2172
1764.405115175764,2108
1766.4019405019203,2103
1768.3982634816916,2097
1770.3940843741357,2155
1772.3894034383907,2171
1774.3842209336717,2136
1776.378537119274,2085
1778.372352254571,2177
1780.3656665990156,2072
1782.3584804121397,2068
1784.3507939535534,2169
1786.3426074829463,2155
1788.3339212600863,2073
1790.3247355448211,2145
1792.3150505970766,2150
1794.3048666768573,2159
1796.2941840442477,2075
1798.2830029594106,2134
1800.2713236825884,2099
1802.2591464741004,2134
1804.2464715943465,2142
1806.2332993038058,2130
1808.2196298630352,2144
1810.2054635326708,2145
1812.190800573428,2162
1814.175641246101,2196
1816.1599858115628,2085
1818.1438345307652,2099
1820.127187664738,2112
1822.1100454745924,2075
1824.092408221516,2154
1826.0742761667766,2124
1828.055649571721,2170
1830.0365286977735,2032
1832.0169138064398,2108
1833.9968051593014,2107
1835.9762030180214,2071
1837.9551076443408,2133
1839.9335193000788,2184
1841.9114382471344,2151
1843.888864747485,2153
1845.8657990631878,2103
1847.842241456378,2154
1849.8181921892697,2129
1851.7936515241558,2084
1853.7686197234098,2147
1855.7430970494815,2092
1857.7170837649014,2137
1859.6905801322787,2090
1861.6635864143004,2182
1863.6361028737338,2154
1865.608129773424,2083
1867.5796673762961,2150
1869.5507159453537,2121
1871.521275743678,2145
1873.4913470344313,2181
1875.4609300808534,2067
1877.4300251462632,2175
1879.3986324940588,2102
1881.366752387717,2117
1883.3343850907936,2173
1885.3015308669228,2108
1887.268189979819,2151
1889.2343626932739,2104
1891.2000492711595,2119
1893.1652499774254,2120
1895.1299650761011,2112
1897.0941948312952,2143
1899.0579395071945,2175
1901.0211993680641,2139
1902.98397467825,2098
1904.9462657021745,2155
1906.9080727043415,2081
1908.869395949332,2069
1910.8302357018065,2135
1912.790592226504,2174
1914.7504657882428,2097
1916.7098566519212,2120
1918.6687650825133,2160
1920.6271913450764,2131
1922.5851357047422,2125
1924.5425984267245,2176
1926.499579776314,2149
1928.4560800188833,2152
1930.4120994198802,2175
1932.367638244833,2136
1934.32269675935,2093
1936.2772752291175,2187
1938.231373919899,2153
1940.1849930975404,2130
1942.1381330279637,2147
1944.0907939771696,2176
1946.0429762112412,2092
1947.9946799963363,2077
1949.9459055986945,2140
1951.896653284633,2220
1953.8469233205478,2230
1955.7967159729142,2198
1957.7460315082863,2173
1959.6948701932974,2180
1961.6432322946594,2156
1963.5911180791632,2099
1965.5385278136787,2227
1967.4854617651545,2151
1969.4319202006182,2139
1971.377903387176,2132
1973.3234115920136,2156
1975.268445082395,2161
1977.2130041256642,2168
1979.1570889892423,2177
1981.1006999406304,2221
1983.04383724741,2221
1984.986501177238,2119
1986.928691997853,2122
1988.8704099770712,2158
1990.811655382789,2155
1992.7524284829801,2092
1994.692729545698,2183
1996.6325588390755,2226
1998.5719166313224,2144
2000.5108031907307,2082
2002.4492187856677,2191
2004.387163684583,2101
2006.3246381560011,2088
2008.2616424685298,2123
2010.1981768908527,2158
2012.1342416917332,2140
2014.069837140014,2089
2016.0049635046162,2116
2017.9396210545406,2152
2019.8738100588666,2142
2021.8075307867502,2067
2023.740783507431,2106
2025.6735684902228,2106
2027.6058860045214,2105
2029.5377363198004,2190
2031.4691197056118,2156
2033.4000364315875,2163
2035.3304867674374,2148
2037.260470982952,2110
2039.189989347998,2073
2041.1190421325232,2067
2043.047629606554,2091
2044.9757520401945,2072
2046.9034097036288,2031
2048.8306028671195,2158
2050.7573318010086,2069
2052.683596775716,2143
2054.609398061742,2140
2056.5347359296647,2139
2058.4596106501403,2166
2060.384022493906,2103
2062.3079717317764,2213
2064.231458634646,2079
2066.1544834734873,2049
2068.077046519352,2132
2069.99914804337,2160
2071.9207883167524,2116
2073.8419676107865,2084
2075.7626861968406,2129
2077.6829443463607,2051
2079.6027423308715,2144
2081.522080421977,2081
2083.440958891362,2092
2085.359378010786,2127
2087.2773380520907,2072
2089.194839287196,2127
2091.111881988101,2175
2093.0284664268825,2142
2094.9445928756973,2141
2096.86026160678,2142
2098.775472892446,2057
2100.690227005088,2108
2102.604524217178,2048
2104.5183648012676,2048
2106.431749029985,2090
2108.34467717604,2085
2110.2571495122206,2059
2112.169166311393,2075
2114.080727846503,2088
2115.9918343905747,2161
2117.902486216711,2080
2119.8126835980956,2152
2121.722426807987,2086
2123.6317161197285,2119
2125.5405518067364,2113
2127.448934142509,2069
2129.356863400624,2053
2131.264339854737,2182
2133.1713637785815,2198
2135.077935445972,2126
2136.9840551308002,2191
2138.889723107037,2112
2140.7949396487334,2149
2142.699705030018,2011
2144.6040195250994,2148
2146.507883408264,2126
2148.4112969538774,2050
2150.3142604363848,2081
2152.2167741303097,2105
2154.1188383102535,2077
2156.0204532508997,2038
2157.9216192270064,2126
2159.822336513414,2058
2161.7226053850413,2129
2163.622426116884,2135
2165.5217989840185,2135
2167.4207242616,2111
2169.319202224862,2149
2171.2172331491165,2141
2173.1148173097563,2194
2175.0119549822507,2148
2176.90864644215,2131
2178.8048919650823,2172
2180.7006918267534,2110
2182.596046302952,2163
2184.4909556695407,2114
2186.3854202024645,2081
2188.279440177746,2076
2190.173015871487,2115
2192.066147559868,2163
2193.958835519149,2139
2195.851080025667,2100
2197.7428813558417,2121
2199.6342397861667,2039
2201.5251555932186,2056
2203.415629053651,2109
2205.3056604441986,2156
2207.19525004167,2205
2209.084398122958,2159
2210.9731049650327,2137
2212.861370844941,2137
2214.749196039812,2130
2216.636580826851,2138
2218.523525483344,2185
2220.410030286655,2093
2222.296095514226,2188
2224.1817214435805,2160
2226.066908352319,2191
2227.951656518121,2144
2229.835966218746,2149
2231.71983773203,2049
2233.6032713358913,2175
2235.486267308324,2147
2237.3688259274036,2155
2239.2509474712824,2146
2241.132632218193,2111
2243.013880446447,2163
2244.8946924344323,2229
2246.7750684606203,2149
2248.6550088035574,2131
2250.534513741871,2125
2252.413583554265,2164
2254.292218519526,2181
2256.170418916517,2124
2258.0481850241786,2163
2259.925517121534,2154
2261.8024154876825,2161
2263.678880401803,2141
2265.5549121431536,2143
2267.430510991071,2113
2269.305677224971,2233
2271.180411124348,2139
2273.0547129687766,2159
2274.9285830379076,2168
2276.8020216114737,2162
2278.6750289692845,2112
2280.5476053912294,2164
2282.4197511572766,2056
2284.2914665474727,2124
2286.162751841943,2157
2288.0336073208937,2130
2289.904033264608,2145
2291.774029953448,2168
2293.6435976678554,2170
2295.5127366883517,2115
2297.381447295534,2153
2299.2497297700825,2198
2301.1175843927526,2136
2302.9850114443825,2152
2304.852011205885,2187
2306.7185839582553,2097
2308.5847299825664,2193
2310.4504495599676,2219
2312.3157429716925,2158
2314.1806104990483,2215
2316.0450524234247,2215
2317.9090690262888,2156
2319.772660589186,2154
2321.635827393742,2173
2323.498569721661,2198
2325.3608878547248,2210
2327.2227820747967,2272
2329.0842526638157,2229
2330.945299903803,2260
2332.805924076857,2191
2334.6661254651535,2245
2336.525904350951,2158
2338.3852610165827,2209
2340.244195744464,2195
2342.102708817088,2318
2343.9608005170253,2235
2345.8184711269287,2237
2347.675720929526,2193
2349.532550207628,2154
2351.38895924412,2229
2353.24494832197,2306
2355.100517724223,2203
2356.955667734004,2137
2358.810398634514,2124
2360.664710709037,2193
2362.5186042409337,2165
2364.3720795136437,2180
2366.225136810686,2101
2368.0777764156583,2210
2369.929998612237,2118
2371.7818036841777,2152
2373.633191915315,2260
2375.484163589562,2175
2377.3347189909114,2261
2379.184858403434,2234
2381.03458211128,2156
2382.8838903986775,2257
2384.732783549936,2174
2386.5812618494406,2185
2388.4293255816588,2236
2390.2769750311327,2196
2392.1242104824883,2214
2393.971032220427,2271
2395.8174405297295,2234
2397.6634356952563,2191
2399.509018001947,2244
2401.3541877348193,2229
2403.1989451789705,2277
2405.043290619576,2165
2406.8872243418905,2321
2408.730746631247,2233
2410.5738577730594,2228
2412.4165580528183,2234
2414.258847756095,2256
2416.100727168537,2192
2417.9421965758734,2254
2419.783256263912,2222
2421.623906518538,2313
2423.4641476257157,2174
2425.303979871491,2222
2427.143403541984,2247
2428.9824189233977,2194
2430.821026302012,2283
2432.6592259641866,2231
2434.497018196361,2314
2436.33440328505,2167
2438.171381516851,2269
2440.00795317844,2227
2441.844118556569,2244
2443.6798779380724,2315
2445.5152316098606,2216
2447.3501798589255,2228
2449.1847229723357,2235
2451.0188612372403,2242
2452.8525949408663,2194
2454.6859243705203,2235
2456.518849813587,2160
2458.3513715575314,2166
2460.183489889895,2179
2462.015205098301,2212
2463.8465174704493,2219
2465.67742729412,2208
2467.5079348571717,2200
2469.338040447542,2237
2471.1677443532476,2161
2472.9970468623833,2188
2474.825948263123,2181
2476.6544488437207,2217
2478.482548892508,2176
2480.310248697896,2143
2482.137548548374,2317
2483.9644487325118,2254
2485.790949538956,2287
2487.617051256433,2263
2489.44275417375,2247
2491.26805857979,2306
2493.0929647635157,2195
2494.917473013971,2212
2496.741583620276,2289
2498.5652968716304,2299
2500.3886130573137,2187
2502.2115324666834,2259
2504.0340553891765,2269
2505.856182114308,2230
2507.6779129316733,2242
2509.499248130945,2225
2511.3201880018764,2257
2513.140732834298,2373
2514.9608829181198,2258
2516.780638543331,2305
2518.6,2340
2520.418967578273,2345
2522.237541568376,2280
2524.0557222606144,2207
2525.8735099453706,2310
2527.6909049131086,2406
2529.507907454368,2340
2531.32451785977,2313
2533.140736420014,2288
2534.9565634258774,2254
2536.771999168218,2316
2538.5870439379714,2336
2540.4016980261526,2307
2542.2159617238544,2281
2544.02983532225,2353
2545.8433191125914,2290
2547.656413386209,2347
2549.4691184345115,2372
2551.2814345489874,2369
2553.093362021204,2323
2554.904901142808,2370
2556.716052205523,2422
2558.526815501153,2330
2560.3371913215824,2338
2562.147179958771,2400
2563.956781704761,2338
2565.7659968516705,2378
2567.5748256916986,2373
2569.3832685171224,2406
2571.1913256202984,2417
2572.9989972936614,2463
2574.806283829725,2389
2576.613185521084,2470
2578.4197026604074,2400
2580.2258355404483,2469
2582.031584454035,2415
2583.836949694077,2449
2585.6419315535613,2442
2587.4465303255533,2555
2589.2507463032002,2463
2591.0545797797245,2387
2592.8580310484303,2447
2594.6611004026995,2495
2596.463788135992,2463
2598.266094541849,2464
2600.0680199138874,2523
2601.869564545807,2447
2603.670728731383,2403
2605.4715127644704,2462
2607.2719169390048,2453
2609.071941548998,2466
2610.8715868885433,2500
2612.670853251811,2538
2614.469740933052,2475
2616.268250226594,2482
2618.0663814268455,2442
2619.864134828292,2462
2621.6615107255006,2474
2623.458509413115,2403
2625.2551311858597,2413
2627.0513763385347,2379
2628.8472451660223,2380
2630.6427379632833,2386
2632.4378550253564,2423
2634.232596647359,2361
2636.026963124488,2430
2637.8209547520187,2453
2639.6145718253065,2369
2641.407814639785,2413
2643.200683490966,2443
2644.9931786744414,2459
2646.7853004858807,2399
2648.577049221034,2446
2650.3684251757277,2463
2652.1594286458712,2343
2653.9500599274484,2356
2655.740319316525,2404
2657.5302071092437,2315
2659.3197236018286,2340
2661.10886909058,2272
2662.8976438718782,2301
2664.686048242183,2254
2666.4740824980327,2290
2668.2617469360443,2352
2670.0490418529134,2366
2671.8359675454153,2226
2673.622524310403,2331
2675.408712444811,2320
2677.1945322456495,2351
2678.979984010009,2328
2680.76506803506,2300
2682.5497846180497,2272
2684.334134056306,2326
2686.1181166472343,2307
2687.9017326883213,2278
2689.6849824771293,2239
2691.4678663113013,2262
2693.2503844885596,2321
2695.032537306705,2255
2696.8143250636167,2238
2698.5957480572542,2226
2700.3768065856534,2269
2702.1575009469316,2344
2703.937831439283,2276
2705.717798360982,2251
2707.4974020103837,2260
2709.276642685917,2295
2711.055520686095,2241
2712.834036309506,2274
2714.612189854819,2235
2716.389981620782,2202
2718.1674119062204,2229
2719.944481010041,2257
2721.721189231226,2251
2723.4975368688415,2254
2725.273524222027,2170
2727.0491515900053,2214
2728.824419272075,2191
2730.5993275676146,2153
2732.3738767760838,2201
2734.148067197016,2223
2735.921899130031,2210
2737.6953728748194,2232
2739.468488731156,2248
2741.2412469988926,2214
2743.0136479779617,2213
2744.785691968372,2152
2746.5573792702116,2154
2748.3287101836504,2191
2750.099685008934,2212
2751.870304046388,2235
2753.640567596418,2243
2755.4104759595057,2241
2757.1800294362156,2222
2758.949228327187,2161
2760.7180729331412,2232
2762.486563554877,2269
2764.254700493272,2173
2766.022484049284,2193
2767.789914523947,2229
2769.5569922183786,2237
2771.3237174337705,2231
2773.090090471394,2178
2774.8561116326036,2188
2776.6217812188274,2213
2778.3870995315756,2206
2780.1520668724356,2167
2781.9166835430747,2134
2783.6809498452394,2265
2785.444866080754,2193
2787.2084325515225,2231
2788.971649559527,2173
2790.73451740683,2270
2792.4970363955713,2178
2794.2592068279705,2226
2796.0210290063264,2217
2797.7825032330147,2149
2799.543629810493,2189
2801.304409041296,2187
2803.0648412280366,2181
2804.8249266734088,2221
2806.5846656801846,2203
2808.344058551212,2294
2810.1031055894246,2218
2811.8618070978273,2184
2813.6201633795085,2305
2815.378174737636,2194
2817.1358414754536,2228
2818.893163896285,2234
2820.6501423035334,2201
2822.4067770006814,2251
2824.1630682912883,2209
2825.9190164789957,2219
2827.6746218675207,2193
2829.429884760661,2237
2831.184805462294,2223
2832.9393842763743,2262
2834.693621506936,2295
2836.4475174580916,2223
2838.201072434034,2208
2839.954286739034,2249
2841.707160677441,2210
2843.459694553685,2208
2845.2118886722724,2171
2846.96374333779,2292
2848.7152588549034,2245
2850.4664355283567,2211
2852.217273662973,2184
2853.9677735636546,2211
2855.7179355353833,2192
2857.4677598832186,2294
2859.217246912299,2186
2860.9663969278427,2277
2862.715210235146,2207
2864.4636871395846,2189
2866.211827946614,2175
2867.9596329617652,2264
2869.7071024906536,2179
2871.4542368389684,2213
2873.20103631248,2223
2874.947501217038,2231
2876.6936318585695,2233
2878.4394285430812,2242
2880.1848915766604,2228
2881.9300212654707,2139
2883.6748179157553,2241
2885.4192818338374,2286
2887.1634133261173,2268
2888.907212699077,2181
2890.6506802592744,2267
2892.393816313348,2173
2894.1366211680142,2208
2895.8790951300693,2255
2897.621238506388,2202
2899.363051603925,2242
2901.1045347297118,2182
2902.8456881908596,2192
2904.58651229456,2255
2906.327007348081,2254
2908.067173658772,2223
2909.8070115340597,2194
2911.5465212814497,2162
2913.285703208527,2196
2915.0245576229563,2189
2916.7630848324807,2210
2918.5012851449196,2181
2920.2391588681758,2185
2921.976706310227,2149
2923.7139277791334,2130
2925.4508235830313,2177
2927.187394030137,2164
2928.923639428745,2287
2930.6595600872306,2202
2932.395156314046,2278
2934.1304284177218,2281
2935.8653767068713,2254
2937.6000014901815,2218
2939.3343030764227,2223
2941.068281774442,2232
2942.8019378931644,2263
2944.5352717415976,2216
2946.2682836288236,2244
2948.0009738640065,2237
2949.7333427563885,2121
2951.465390615289,2159
2953.1971177501086,2254
2954.9285244703265,2218
2956.6596110855,2220
2958.3903779052657,2150
2960.1208252393385,2137
2961.8509533975125,2222
2963.5807626896617,2197
2965.3102534257378,2260
2967.0394259157715,2205
2968.768280469873,2210
2970.496817398232,2212
2972.2250370111146,2198
2973.952939618869,2261
2975.6805255319196,2164
2977.4077950607707,2272
2979.134748516006,2243
2980.861386208289,2166
2982.587708448359,2205
2984.313715547037,2211
2986.039407815222,2234
2987.764785563891,2130
2989.489849104102,2262
2991.2145987469908,2233
2992.9390348037705,2179
2994.6631575857346,2198
2996.3869674042576,2257
2998.1104645707887,2239
2999.83364939686,2192
3001.5565221940783,2208
3003.2790832741334,2218
3005.0013329487924,2163
3006.7232715298996,2203
3008.4448993293804,2233
3010.166216659239,2207
3011.887223831558,2264
3013.607921158498,2196
3015.3283089522993,2255
3017.0483875252826,2168
3018.7681571898443,2170
3020.4876182584626,2242
3022.2067710436927,2260
3023.9256158581707,2228
3025.644153014609,2240
3027.362382825801,2231
3029.0803056046193,2169
3030.797921664012,2171
3032.5152313170106,2153
3034.2322348767225,2170
3035.9489326563353,2187
3037.665324969115,2252
3039.3814121284063,2153
3041.097194447633,2259
3042.812672240299,2161
3044.5278458199855,2240
3046.2427155003525,2188
3047.9572815951406,2259
3049.671544418167,2221
3051.38550428333,2241
3053.0991615046073,2255
3054.812516396051,2198
3056.5255692717974,2186
3058.2383204460575,2169
3059.9507702331257,2245
3061.662918947372,2155
3063.3747669032446,2260
3065.0863144152736,2247
3066.7975617980674,2234
3068.508509366309,2235
3070.219157434767,2156
3071.9295063182844,2227
3073.639556331785,2240
3075.3493077902704,2149
3077.058761008821,2145
3078.7679163025964,2193
3080.476773986837,2173
3082.1853343768594,2190
3083.89359778806,2194
3085.6015645359153,2140
3087.3092349359786,2303
3089.016609303884,2153
3090.7236879553434,2150
3092.4304712061476,2118
3094.136959372166,2247
3095.843152769349,2271
3097.5490517137237,2250
3099.2546565213966,2119
3100.959967508554,2263
3102.66498499146,2200
3104.3697092864577,2197
3106.0741407099695,2189
3107.778279578498,2257
3109.482126208622,2240
3111.1856809170004,2223
3112.8889440203716,2277
3114.5919158355528,2227
3116.294596679439,2251
3117.996986869006,2180
3119.6990867213062,2215
3121.4008965534726,2191
3123.102416682717,2142
3124.803647426329,2310
3126.5045891016784,2308
3128.205242026213,2254
3129.90560651746,2244
3131.605682893025,2247
3133.3054714705922,2273
3135.0049725679282,2164
3136.7041865028714,2231
3138.4031135933465,2253
3140.101754157353,2275
3141.800108512971,2307
3143.498176978357,2238
3145.1959598717494,2275
3146.8934575114636,2255
3148.5906702158954,2229
3150.2875983035183,2210
3151.9842420928853,2214
3153.680601902627,2197
3155.376678051456,2151
3157.07247085816,2176
3158.767980641609,2208
3160.463207720748,2134
3162.158152414606,2170
3163.8528150422862,2197
3165.5471959229726,2208
3167.2412953759303,2249
3168.9351137204976,2233
3170.628651276098,2234
3172.3219083622307,2238
3174.014885298474,2265
3175.707582404485,2216
3177.4000000000005,2236
3179.092138404835,2197
3180.7839979388846,2315
3182.47557892212,2176
3184.166881674594,2290
3185.8579065164386,2249
3187.5486537678626,2255
3189.2391237491547,2209
3190.9293167806827,2167
3192.6192331828934,2255
3194.3088732763117,2253
3195.998237381542,2300
3197.687325819268,2162
3199.376138910251,2218
3201.064676975334,2196
3202.7529403354347,2270
3204.4409293115523,2196
3206.1286442247647,2177
3207.816085396229,2169
3209.5032531471825,2206
3211.190147798936,2220
3212.8767696728846,2227
3214.5631190905015,2184
3216.2491963733373,2160
3217.9350018430214,2195
3219.6205358212637,2140
3221.305798629851,2179
3222.990790590651,2240
3224.6755120256103,2109
3226.359963256751,2127
3228.0441446061795,2164
3229.7280563960758,2236
3231.411698948703,2215
3233.0950725863995,2212
3234.778177631587,2152
3236.461014406761,2249
3238.1435832345005,2265
3239.8258844374595,2193
3241.507918338374,2317
3243.1896852600576,2272
3244.8711855254023,2206
3246.552419457381,2240
3248.233387379042,2216
3249.914089613516,2226
3251.59452648401,2228
3253.274698313813,2181
3254.95460542629,2180
3256.6342481448855,2160
3258.313626793125,2125
3259.9927416946084,2077
3261.6715931730196,2152
3263.3501815521176,2180
3265.0285071557437,2215
3266.706570307815,2093
3268.3843713323286,2126
3270.0619105533615,2155
3271.739188295068,2252
3273.4162048816834,2163
3275.0929606375184,2274
3276.769455886966,2202
3278.445690954498,2244
3280.1216661646613,2255
3281.797381842087,2249
3283.4728383114807,2199
3285.1480358976296,2165
3286.8229749253996,2146
3288.4976557197333,2184
3290.172078605655,2147
3291.846243908266,2191
3293.5201519527463,2106
3295.193803064357,2219
3296.8671975684374,2075
3298.5403357904024,2136
3300.21321805575,2187
3301.8858446900567,2167
3303.558216018975,2167
3305.23033236824,2210
3306.9021940636603,2239
3308.57380143113,2186
3310.2451547966184,2176
3311.916254486174,2178
3313.5871008259246,2108
3315.2576941420766,2161
3316.9280347609147,2186
3318.5981230088046,2236
3320.2679592121895,2198
3321.9375436975924,2199
3323.606876791612,2222
3325.27595882093,2216
3326.944790112305,2155
3328.6133709925753,2189
3330.2817017886573,2243
3331.949782827547,2131
3333.617614436319,2210
3335.2851969421245,2259
3336.952530672199,2234
3338.619615953853,2235
3340.286453114475,2200
3341.9530424815357,2198
3343.619384382583,2261
3345.2854791452437,2175
3346.951327097224,2221
3348.6169285663073,2186
3350.2822838803577,2264
3351.947393367319,2172
3353.61225735521,2226
3355.2768761721345,2167
3356.9412501462693,2199
3358.605379605873,2232
3360.2692648792827,2207
3361.9329062949146,2169
3363.596304181263,2145
