CollectionTime,6/26/2024 3:23:42 PM
ExposureUsed,3
CalibratedSpectrum
-962.7078968117929,842
-959.9714848408522,960
-957.2358232597828,902
-954.5009119013725,926
-951.7667505983302,906
-949.0333391832855,905
-946.3006774887896,918
-943.5687653473143,976
-940.837602591253,952
-938.1071890529199,922
-935.3775245645503,923
-932.6486089583007,903
-929.9204420662485,927
-927.1930237203925,934
-924.4663537526524,941
-921.7404319948689,904
-919.0152582788041,972
-916.2908324361409,956
-913.5671542984834,933
-910.8442236973568,945
-908.1220404642074,930
-905.4006044304027,910
-902.679915427231,921
-899.959973285902,956
-897.2407778375464,930
-894.5223289132158,989
-891.8046263438832,993
-889.0876699604426,915
-886.3714595937089,881
-883.6559950744183,930
-880.9412762332282,878
-878.2273029007168,959
-875.5140749073835,932
-872.8015920836489,888
-870.0898542598545,880
-867.3788612662631,901
-864.6686129330585,867
-861.9591090903457,908
-859.2503495681506,877
-856.5423341964203,845
-853.8350628050229,927
-851.1285352237478,922
-848.4227512823054,913
-845.7177108103272,905
-843.0134136373656,902
-840.3098595928943,898
-837.6070485063082,915
-834.9049802069229,923
-832.2036545239757,891
-829.5030712866244,961
-826.8032303239481,935
-824.1041314649472,896
-821.4057745385428,881
-818.7081593735775,885
-816.0112857988148,899
-813.3151536429393,930
-810.6197627345566,870
-807.9251129021936,906
-805.2312039742981,911
-802.5380357792392,934
-799.8456081453069,897
-797.1539209007124,920
-794.462973873588,897
-791.772766891987,913
-789.083299783884,900
-786.3945723771743,907
-783.7065844996748,910
-781.0193359791231,922
-778.3328266431781,954
-775.6470563194197,988
-772.9620248353489,933
-770.2777320183878,923
-767.5941776958798,930
-764.9113616950891,957
-762.2292838432011,927
-759.5479439673222,946
-756.8673418944801,986
-754.1874774516235,933
-751.5083504656222,952
-748.8299607632671,926
-746.15230817127,945
-743.475392516264,958
-740.7992136248035,928
-738.1237713233636,948
-735.4490654383407,948
-732.7750957960521,1004
-730.1018622227365,999
-727.4293645445534,974
-724.7576025875837,981
-722.0865761778291,958
-719.4162851412126,939
-716.7467293035781,968
-714.0779084906909,1045
-711.409822528237,971
-708.7424712418238,1011
-706.0758544569796,974
-703.4099719991541,1022
-700.7448236937178,1048
-698.0804093659622,1047
-695.4167288411002,999
-692.7537819442656,1024
-690.0915685005134,1010
-687.4300883348199,1005
-684.7693412720819,1051
-682.1093271371178,1081
-679.4500457546669,1014
-676.7914969493897,1056
-674.1336805458676,1029
-671.4765963686034,1079
-668.8202442420206,1033
-666.1646239904642,1100
-663.5097354382001,1062
-660.8555784094151,1013
-658.2021527282176,1067
-655.5494582186366,1088
-652.8974947046223,1110
-650.2462620100463,1103
-647.5957599587009,1065
-644.9459883742998,1097
-642.2969470804776,1110
-639.6486359007902,1099
-637.0010546587141,1038
-634.3542031776476,1084
-631.7080812809096,1111
-629.0626887917401,1114
-626.4180255333008,1066
-623.7740913286734,1082
-621.1308860008619,1061
-618.4884093727904,1108
-615.8466612673046,1094
-613.2056415071715,1031
-610.5653499150785,1119
-607.9257863136347,1079
-605.28695052537,1103
-602.6488423727357,1094
-600.0114616781036,1091
-597.3748082637674,1071
-594.7388819519412,1102
-592.1036825647604,1137
-589.4692099242818,1106
-586.8354638524829,1113
-584.2024441712624,1031
-581.5701507024403,1067
-578.9385832677575,1100
-576.3077416888759,1135
-573.6776257873787,1065
-571.0482353847704,1068
-568.4195703024757,1107
-565.7916303618415,1202
-563.164415384135,1189
-560.5379251905453,1084
-557.9121596021815,1099
-555.2871184400748,1116
-552.6628015251767,1115
-550.0392086783606,1147
-547.4163397204204,1171
-544.794194472071,1120
-542.1727727539491,1118
-539.5520743866118,1153
-536.9320991905377,1226
-534.3128469861261,1189
-531.6943175936979,1193
-529.0765108334947,1260
-526.4594265256793,1291
-523.8430644903358,1489
-521.2274245474689,1613
-518.612506517005,1652
-515.9983102187913,1786
-513.3848354725959,1908
-510.77208209810846,1929
-508.16004991493924,2031
-505.5487387426199,2121
-502.9381484006032,2285
-500.3282787082628,2475
-497.71912948489364,2440
-495.1107005497117,2427
-492.5029917218539,2462
-489.8960028203786,2340
-487.28973366426493,2087
-484.68418407241325,1894
-482.07935386364494,1694
-479.47524285670266,1593
-476.87185087025,1565
-474.2691777228715,1546
-471.66722323307334,1418
-469.0659872192821,1440
-466.4654694998459,1443
-463.86566989303384,1469
-461.26658821703614,1416
-458.66822428996414,1372
-456.07057792985,1453
-453.4736489546475,1397
-450.877437182231,1395
-448.28194243039627,1382
-445.68716451686,1334
-443.09310325926003,1330
-440.49975847515555,1318
-437.9071299820263,1318
-435.31521759727354,1366
-432.72402113821954,1384
-430.13354042210767,1404
-427.5437752661022,1402
-424.95472548728867,1345
-422.36639090267386,1427
-419.7787713291855,1427
-417.1918665836721,1421
-414.60567648290385,1491
-412.0202008435715,1474
-409.4354394822874,1499
-406.8513922155845,1491
-404.26805885991723,1481
-401.685439231661,1478
-399.103533147112,1483
-396.522340422488,1394
-393.9418608739278,1424
-391.3620943174908,1402
-388.7830405691583,1376
-386.2046994448317,1343
-383.6270707603344,1282
-381.05015433141045,1160
-378.473949973725,1088
-375.8984575028645,1021
-373.32367673433623,923
-370.74960748356875,871
-368.1762495659117,780
-365.60360279663576,701
-363.03166699093265,688
-360.4604419639154,656
-357.8899275306178,620
-355.32012350599507,577
-352.7510297049233,555
-350.1826459421999,578
-347.61497203254316,608
-345.04800779059235,556
-342.4817530309082,533
-339.91620756797226,506
-337.35137121618743,519
-334.7872437898774,506
-332.22382510328725,507
-329.66111497058273,565
-327.09911320585127,570
-324.53781962310075,579
-321.9772340362607,598
-319.4173562591816,612
-316.8581861056348,681
-314.2997233893127,700
-311.7419679238294,691
-309.1849195227194,679
-306.62857799943856,610
-304.0729431673641,534
-301.51801483979375,525
-298.963792829947,573
-296.41027695096386,602
-293.85746701590574,654
-291.3053628377552,666
-288.7539642294155,622
-286.2032710037115,641
-283.65328297338897,644
-281.1039999511146,666
-278.5554217494762,759
-276.007548180983,668
-273.4603790580651,680
-270.9139141930734,624
-268.3681533982807,668
-265.8230964858798,668
-263.27874326798565,644
-260.7350935566336,649
-258.1921471637804,696
-255.6499039013039,799
-253.10836358100266,734
-250.56752601459698,701
-248.02739101372765,745
-245.48795838995704,794
-242.94922795476816,787
-240.41119951956557,692
-237.8738728956746,917
-235.33724789434166,951
-232.80132432673452,889
-230.2661020039418,1004
-227.73158073697357,877
-225.19776033676033,814
-222.66464061415422,916
-220.1322213799284,857
-217.60050244477725,796
-215.06948361931552,823
-212.53916471408013,895
-210.00954553952818,836
-207.48062590603843,857
-204.9524056239104,896
-202.4248845033651,984
-199.8980623545441,1022
-197.37193898751036,956
-194.84651421224817,909
-192.32178783866232,989
-189.79775967657952,937
-187.27442953574644,925
-184.7517972258321,905
-182.2298625564256,864
-179.7086253370378,921
-177.18808537710026,1012
-174.66824248596583,1030
-172.14909647290835,1072
-169.6306471471229,1099
-167.11289431772548,1045
-164.59583779375328,1071
-162.07947738416453,1102
-159.5638128978386,1156
-157.04884414357605,1243
-154.53457093009854,1218
-152.02099306604828,1142
-149.50811035998936,1154
-146.99592262040665,1214
-144.48442965570587,1293
-141.97363127421409,1233
-139.46352728417958,1405
-136.95411749377126,1472
-134.44540171107985,1568
-131.93737974411636,1439
-129.43005140081357,1485
-126.92341648902493,1454
-124.41747481652521,1559
-121.91222619101006,1570
-119.40767042009657,1554
-116.90380731132257,1415
-114.40063667214702,1571
-111.8981583099503,1712
-109.3963720320337,1731
-106.89527764561933,1525
-104.39487495785067,1744
-101.89516377579241,1935
-99.39614390642998,1944
-96.89781515667039,1801
-94.40017733334128,2093
-91.90323024319173,2258
-89.40697369289148,1902
-86.91140748903172,1769
-84.41653143812482,1930
-81.92234534660395,2042
-79.42884902082358,2135
-76.93604226705907,2029
-74.4439248915071,2119
-71.95249670028534,2068
-69.46175749943245,2365
-66.97170709490854,2476
-64.48234529259423,2867
-61.99367189829195,3076
-59.50568671772464,3130
-57.01838955653636,3434
-54.53178022029283,3068
-52.045858514480074,3241
-49.560624244506016,4160
-47.07607721569923,4208
-44.59221723330904,3899
-42.10904410250669,3579
-39.62655762838392,4886
-37.14475761595372,6004
-34.66364387015028,6236
-32.18321619582866,6574
-29.70347439776515,7773
-27.224418280657005,8967
-24.74604764912317,11940
-22.26836230770266,17364
-19.7913620608565,28817
-17.315046712966478,47180
-14.83941606833514,56526
-12.36446993118659,65039
-9.89020810566592,65039
-7.416630395839093,65039
-4.94373660569363,65039
-2.471526539137585,65039
-6.821210263296962E-13,65039
2.47084320796705,65039
4.941003281093458,65039
7.410480415786196,65039
9.879274808531363,65039
12.347386655893956,65039
14.814816154518212,65039
17.28156350112681,65039
19.74762889252179,65039
22.21301252558385,65039
24.67771459727237,65039
27.141735304626195,65039
29.605074844762612,34728
32.06773341487792,14482
34.52971121224755,9963
36.99100843422559,9850
39.45162527824516,10072
41.91156194181792,10738
44.370818622535126,11624
46.82939551806646,10849
49.287292826160524,12419
51.74451074464503,12052
54.201049471426245,9324
56.65690920448981,6673
59.112090141899785,4256
61.56659248179983,3993
64.02041642241159,3696
66.4735621620365,3826
68.92602989905402,3049
71.37781983192338,2945
73.82893215918205,3220
76.27936707944684,3166
78.72912479141326,3281
81.17820549385567,3077
83.62660938562783,3038
86.07433666566146,2927
88.5213875329681,3454
90.96776218663751,3504
93.41346082583925,3431
95.85848364982041,2810
98.30283085790859,1998
100.7465026495089,2121
103.18949922410604,2657
105.63182078126385,2199
108.07346752062438,2353
110.51443964190923,2266
112.95473734491827,1856
115.39436082953114,1775
117.83331029570547,1891
120.27158594347827,2205
122.7091879729652,1787
125.1461165843615,1543
127.58237197794062,1603
130.01795435405518,1387
132.4528639131364,1450
134.88710085569494,1539
137.32066538231982,1732
139.75355769367923,1576
142.1857779905207,1506
144.61732647366978,1556
147.04820334403132,1510
149.47840880258934,1453
151.90794305040674,1742
154.33680628862487,1871
156.76499871846443,1868
159.19252054122433,1948
161.61937195828352,2158
164.04555317109896,2126
166.47106438120693,2428
168.89590579022217,2910
171.320077599839,2949
173.7435800118302,2879
176.16641322804742,3098
178.58857745042144,3165
181.01007288096173,3216
183.43089972175687,3218
185.85105817497413,3190
188.27054844285988,3201
190.6893707277394,3221
193.10752523201643,3215
195.5250121581745,3378
197.9418317087751,3625
200.3579840864594,3385
202.7734694939469,3424
205.18828813403627,3509
207.6024402096051,3364
210.01592592360964,3505
212.42874547908548,3333
214.84089907914665,3331
217.2523869269868,3279
219.66320922587727,3432
222.0733661791695,3393
224.48285799029293,3364
226.8916848627572,3370
229.29984700014882,3497
231.7073446061355,3611
234.11417788446204,3526
236.520347038953,3618
238.92585227351185,3764
241.33069379212054,3829
243.73487179884035,3786
246.1383864978112,3566
248.541238093252,3571
250.9434267894609,3610
253.34495279081432,3666
255.74581630176783,3464
258.1460175268563,3674
260.54555667069314,3590
262.9444339379703,3667
265.3426495334594,3454
267.7402036620107,3507
270.1370965285529,3511
272.53332833809407,3336
274.9288992957214,3294
277.32380960660055,3311
279.718059475976,3263
282.1116491091717,3291
284.5045787115897,3186
286.89684848871195,3237
289.2884586460981,3295
291.67940938938807,3222
294.0697009242996,3148
296.4593334566299,3184
298.84830719225477,3089
301.23662233712923,3191
303.6242790972866,3147
306.01127767884,3167
308.39761828798066,3052
310.78330113097934,3071
313.16832641418534,2967
315.5526943440269,2981
317.9364051270112,3050
320.3194589697242,2937
322.70185607883093,2860
325.0835966610754,2931
327.4646809232805,2865
329.8451090723478,2871
332.2248813152577,2918
334.6039978590701,2775
336.9824589109231,2870
339.36026467803447,2822
341.7374153677,2778
344.113911187295,2634
346.48975234427337,2688
348.8649390461686,2714
351.2394715005918,2609
353.61334991523415,2682
355.9865744978655,2646
358.35914545633375,2604
360.73106299856715,2645
363.10232733257146,2609
365.47293866643247,2702
367.84289720831396,2691
370.2122031664593,2675
372.5808567491905,2641
374.9488581649083,2599
377.31620762209275,2648
379.6829053293021,2531
382.0489514951745,2668
384.4143463284262,2654
386.7790900378528,2596
389.14318283232853,2512
391.50662492080653,2562
393.86941651231916,2533
396.23155781597745,2587
398.5930490409713,2502
400.9538903965696,2526
403.3140820921202,2498
405.6736243370498,2506
408.03251734086336,2503
410.3907613131465,2474
412.74835646356166,2453
415.10530300185144,2454
417.4616011378372,2534
419.81725108141893,2481
422.1722530425758,2563
424.5266072313656,2463
426.880313857925,2464
429.2333731324701,2520
431.58578526529516,2510
433.9375504667738,2437
436.2886689473588,2415
438.63914091758113,2427
440.9889665880513,2413
443.33814616945835,2414
445.68667987257015,2453
448.03456790823395,2340
450.3818104873759,2366
452.72840782100013,2391
455.07436012019105,2403
457.41966759611057,2393
459.7643304600007,2466
462.10834892318155,2425
464.4517231970525,2518
466.79445349309174,2521
469.1365400228566,2429
471.4779829979826,2482
473.81878263018564,2553
476.15893913125876,2491
478.4984527130747,2544
480.8373235875855,2506
483.17555196682144,2609
485.5131380628919,2592
487.8500820879857,2807
490.1863842543697,3008
492.52204477439034,3221
494.8570638604725,3412
497.1914417251204,3728
499.52517858091653,3905
501.85827464052306,4068
504.19073011668036,4125
506.5225452222086,4145
508.85372017000566,3931
511.18425517304956,3715
513.514150444396,3827
515.8434061971808,4499
518.1720226446176,5102
520.4999999999999,5449
522.8273384766991,5622
525.1540382881666,5819
527.480099647932,5726
529.8055227696037,4929
532.1303078668694,3635
534.454455153496,2912
536.777964843328,2571
539.1008371502907,2376
541.4230722883866,2402
543.744670471698,2295
546.0656319143858,2281
548.3859568306899,2342
550.7056454349294,2248
553.0246979415016,2262
555.3431145648834,2213
557.6608955196306,2169
559.978041020377,2117
562.2945512818363,2203
564.6104265188006,2232
566.9256669461412,2224
569.2402727788082,2188
571.5542442318302,2227
573.8675815203156,2150
576.1802848594508,2152
578.4923544645015,2123
580.8037905508126,2154
583.114593333807,2196
585.4247630289875,2084
587.7342998519354,2081
590.0432040183106,2166
592.3514757438526,2184
594.6591152443794,2214
596.9661227357875,2317
599.2724984340531,2133
601.578242555231,2160
603.8833553154542,2181
606.1878369309362,2192
608.4916876179676,2346
610.7949075929192,2355
613.0974970722403,2214
615.3994562724587,2184
617.7007854101818,2271
620.0014847020951,2233
622.3015543649641,2209
624.6009946156324,2217
626.8998056710224,2242
629.1979877481361,2156
631.4955410640538,2240
633.7924658359349,2203
636.0887622810175,2242
638.3844306166192,2179
640.6794710601358,2246
642.9738838290426,2215
645.2676691408932,2198
647.5608272133207,2249
649.853358264037,2191
652.1452625108324,2198
654.4365401715764,2233
656.7271914642178,2306
659.0172166067838,2284
661.3066158173809,2286
663.5953893141935,2276
665.8835373154867,2209
668.1710600396028,2267
670.4579577049639,2177
672.7442305300709,2300
675.0298787335033,2263
677.3149025339197,2245
679.599302150058,2333
681.8830778007342,2271
684.1662297048437,2313
686.4487580813608,2253
688.7306631493387,2276
691.0119451279091,2316
693.2926042362834,2228
695.5726406937516,2216
697.8520547196814,2190
700.1308465335215,2283
702.4090163547982,2251
704.6865644031171,2230
706.9634908981619,2292
709.2397960596965,2313
711.5154801075631,2280
713.7905432616823,2269
716.0649857420548,2307
718.3388077687592,2300
720.612009561953,2251
722.8845913418733,2163
725.1565533288352,2161
727.427895743234,2206
729.6986188055427,2246
731.9687227363137,2240
734.238207756178,2208
736.5070740858458,2170
738.7753219461066,2241
741.0429515578281,2247
743.3099631419569,2192
745.5763569195191,2219
747.8421331116193,2283
750.1072919394409,2281
752.3718336242467,2196
754.6357583873777,2249
756.8990664502545,2221
759.1617580343765,2217
761.423833361321,2097
763.6852926527457,2179
765.9461361303862,2187
768.206364016058,2227
770.4659765316536,2220
772.7249738991469,2269
774.9833563405886,2209
777.2411240781092,2329
779.4982773339183,2279
781.7548163303044,2352
784.010741289634,2282
786.2660524343538,2304
788.5207499869881,2208
790.7748341701416,2285
793.0283052064964,2209
795.2811633188143,2262
797.5334087299362,2269
799.7850416627813,2353
802.0360623403484,2300
804.2864709857143,2251
806.5362678220353,2303
808.7854530725468,2304
811.0340269605625,2261
813.2819897094754,2242
815.5293415427581,2275
817.77608268396,2337
820.0222133567116,2185
822.2677337847211,2252
824.5126441917765,2239
826.7569448017433,2245
829.0006358385675,2280
831.2437175262731,2262
833.4861900889629,2294
835.7280537508192,2391
837.9693087361026,2193
840.2099552691533,2236
842.4499935743896,2244
844.689423876309,2227
846.9282463994886,2233
849.1664613685833,2203
851.4040690083276,2233
853.6410695435349,2155
855.877463199097,2268
858.1132501999847,2259
860.3484307712487,2280
862.5830051380175,2207
864.8169735254988,2311
867.0503361589791,2267
869.2830932638243,2288
871.5152450654786,2305
873.7467917894654,2274
875.9777336613873,2344
878.2080709069252,2349
880.4378037518389,2324
882.666932421968,2306
884.8954571432301,2318
887.1233781416219,2283
889.3506956432192,2306
891.5774098741766,2292
893.803521060728,2336
896.0290294291852,2378
898.2539352059397,2307
900.4782386174619,2262
902.7019398903011,2321
904.925039251085,2275
907.147536926521,2304
909.3694331433943,2271
911.59072812857,2207
913.8114221089921,2264
916.0315153116827,2240
918.2510079637437,2275
920.4699002923547,2220
922.6881925247761,2297
924.905884888345,2324
927.1229776104793,2231
929.3394709186747,2181
931.555365040506,2231
933.7706602036275,2251
935.9853566357709,2270
938.1994545647489,2238
940.4129542184515,2221
942.6258558248488,2262
944.8381596119883,2209
947.0498658079974,2214
949.2609746410825,2196
951.4714863395287,2222
953.6814011316998,2238
955.8907192460387,2249
958.0994409110671,2199
960.3075663553858,2157
962.5150958076741,2120
964.7220294966913,2177
966.928367651274,2161
969.1341105003388,2108
971.3392582728806,2170
973.5438111979742,2167
975.747769504772,2131
977.9511334225061,2183
980.153903180487,2078
982.3560790081052,2123
984.5576611348289,2113
986.7586497902058,2096
988.9590452038618,2078
991.158847605503,2061
993.3580572249133,2053
995.5566742919558,1994
997.7546990365728,2023
999.952131688785,2022
1002.1489724786926,1979
1004.3452216364743,1930
1006.5408793923874,1961
1008.7359459767691,1861
1010.9304216200343,1873
1013.1243065526781,1846
1015.3176010052733,1894
1017.510305208472,1891
1019.7024193930064,1862
1021.8939437896848,1816
1024.0848786293977,1823
1026.2752241431122,1854
1028.4649805618747,1837
1030.6541481168115,1823
1032.842727039127,1818
1035.0307175601051,1801
1037.2181199111074,1792
1039.4049343235752,1845
1041.591161029029,1845
1043.7768002590683,1845
1045.9618522453698,1793
1048.1463172196918,1747
1050.3301954138697,1724
1052.513487059818,1733
1054.69619238953,1765
1056.8783116350783,1745
1059.0598450286152,1774
1061.2407928023704,1820
1063.4211551886528,1755
1065.6009324198508,1844
1067.780124728432,1738
1069.9587323469414,1794
1072.1367555080046,1786
1074.314194444325,1696
1076.4910493886855,1760
1078.667320573947,1707
1080.843008233051,1702
1083.0181125990161,1744
1085.1926339049414,1731
1087.3665723840027,1698
1089.5399282694575,1716
1091.7127017946405,1657
1093.8848931929647,1678
1096.0565026979243,1635
1098.2275305430899,1717
1100.3979769621128,1620
1102.567842188722,1701
1104.737126456726,1609
1106.9058300000124,1596
1109.0739530525475,1628
1111.2414958483764,1668
1113.4084586216231,1670
1115.5748416064907,1703
1117.7406450372605,1667
1119.9058691482942,1667
1122.0705141740304,1661
1124.2345803489884,1594
1126.3980679077658,1644
1128.5609770850388,1645
1130.7233081155623,1567
1132.8850612341707,1600
1135.0462366757774,1635
1137.2068346753745,1630
1139.3668554680326,1680
1141.526299288901,1683
1143.68516637321,1635
1145.8434569562655,1638
1148.001171273455,1576
1150.158309560244,1591
1152.3148720521767,1571
1154.470858984876,1579
1156.626270594044,1543
1158.7811071154629,1603
1160.9353687849912,1656
1163.089055838569,1672
1165.242168512213,1631
1167.3947070420209,1580
1169.5466716641677,1606
1171.6980626149075,1663
1173.8488801305748,1649
1175.9991244475814,1655
1178.1487958024186,1635
1180.2978944316555,1613
1182.4464205719428,1583
1184.5943744600072,1533
1186.7417563326567,1565
1188.8885664267755,1542
1191.0348049793297,1569
1193.1804722273619,1575
1195.325568407995,1648
1197.4700937584303,1577
1199.614048515948,1627
1201.7574329179074,1588
1203.900247201746,1618
1206.042491604982,1554
1208.1841663652099,1592
1210.3252717201053,1561
1212.465807907422,1583
1214.6057751649923,1623
1216.7451737307279,1569
1218.8840038426192,1598
1221.0222657387353,1616
1223.1599596572241,1629
1225.2970858363137,1674
1227.4336445143094,1615
1229.5696359295966,1568
1231.705060320639,1622
1233.8399179259786,1608
1235.9742089842384,1634
1238.107933734118,1585
1240.2410924143974,1614
1242.373685263935,1555
1244.5057125216676,1605
1246.6371744266116,1613
1248.7680712178621,1623
1250.898403134593,1622
1253.028170416058,1589
1255.1573733015875,1719
1257.2860120305932,1630
1259.4140868425648,1602
1261.54159797707,1642
1263.6685456737569,1654
1265.7949301723515,1603
1267.9207517126597,1650
1270.046010534565,1594
1272.1707068780306,1702
1274.2948409830983,1658
1276.4184130898889,1633
1278.541423438603,1632
1280.6638722695184,1669
1282.785759822993,1699
1284.9070863394636,1674
1287.0278520594447,1725
1289.1480572235314,1636
1291.2677020723963,1718
1293.3867868467923,1707
1295.5053117875495,1691
1297.623277135579,1644
1299.740683131868,1738
1301.8575300174857,1678
1303.973818033578,1782
1306.0895474213703,1690
1308.2047184221678,1706
1310.3193312773528,1734
1312.4333862283888,1734
1314.5468835168163,1727
1316.659823384255,1751
1318.7722060724045,1803
1320.8840318230418,1748
1322.9953008780249,1701
1325.1060134792888,1784
1327.2161698688478,1773
1329.3257702887959,1824
1331.4348149813054,1655
1333.5433041886276,1738
1335.6512381530933,1775
1337.7586171171101,1729
1339.8654413231675,1690
1341.9717110138317,1777
1344.0774264317488,1725
1346.1825878196432,1717
1348.2871954203192,1754
1350.3912494766587,1724
1352.4947502316231,1777
1354.5976979282532,1753
1356.7000928096686,1695
1358.8019351190665,1691
1360.9032250997243,1755
1363.0039629949988,1701
1365.1041490483235,1769
1367.2037835032133,1719
1369.3028666032606,1699
1371.401398592137,1715
1373.4993797135926,1745
1375.5968102114575,1761
1377.6936903296396,1748
1379.7900203121262,1768
1381.8858004029835,1732
1383.9810308463561,1781
1386.075711886469,1739
1388.1698437676241,1738
1390.2634267342032,1762
1392.356461030667,1749
1394.4489469015557,1708
1396.5408845914872,1789
1398.6322743451592,1686
1400.7231164073469,1703
1402.813411022907,1718
1404.903158436773,1695
1406.9923588939578,1781
1409.0810126395531,1784
1411.1691199187303,1733
1413.2566809767386,1832
1415.343696058907,1727
1417.4301654106425,1733
1419.5160892774315,1729
1421.6014679048399,1797
1423.6863015385125,1763
1425.7705904241707,1792
1427.8543348076178,1728
1429.9375349347342,1836
1432.0201910514802,1803
1434.102303403894,1812
1436.1838722380944,1865
1438.2648978002767,1778
1440.3453803367174,1809
1442.4253200937692,1874
1444.5047173178677,1836
1446.5835722555234,1867
1448.6618851533285,1996
1450.739656257952,1942
1452.8168858161434,1965
1454.8935740747306,1957
1456.96972128062,2007
1459.045327680797,2061
1461.120393522327,1987
1463.1949190523528,2028
1465.2689045180973,2055
1467.3423501668608,2123
1469.415256246024,2135
1471.4876230030463,2145
1473.559450685465,2295
1475.6307395408976,2166
1477.7014898170391,2241
1479.771701761665,2342
1481.8413756226287,2339
1483.9105116478618,2293
1485.9791100853772,2283
1488.0471711832643,2338
1490.1146951896926,2520
1492.1816823529098,2421
1494.2481329212433,2476
1496.3140471430984,2531
1498.3794252669609,2582
1500.4442675413939,2499
1502.5085742150404,2579
1504.572345536622,2641
1506.6355817549388,2655
1508.6982831188702,2659
1510.7604498773744,2757
1512.8220822794883,2747
1514.8831805743293,2787
1516.9437450110909,2855
1519.003775839048,2914
1521.0632733075522,2913
1523.1222376660367,3022
1525.1806691640113,3013
1527.2385680510652,3052
1529.2959345768668,3143
1531.3527689911643,3259
1533.4090715437833,3324
1535.4648424846291,3354
1537.5200820636855,3418
1539.5747905310159,3414
1541.6289681367616,3452
1543.6826151311434,3528
1545.7357317644614,3536
1547.7883182870937,3654
1549.8403749494987,3625
1551.8919020022113,3680
1553.9428996958477,3777
1555.9933682811015,3815
1558.0433080087469,3984
1560.0927191296346,4011
1562.1416018946961,4160
1564.1899565549415,4019
1566.2377833614592,4155
1568.2850825654164,3959
1570.3318544180606,3959
1572.3780991707158,3822
1574.423817074788,3750
1576.4690083817595,3575
1578.5136733431923,3481
1580.5578122107272,3229
1582.601425236085,3127
1584.6445126710646,2925
1586.6870747675434,2749
1588.7291117774776,2728
1590.7706239529034,2557
1592.8116115459347,2597
1594.8520748087658,2439
1596.8920139936686,2359
1598.9314293529933,2272
1600.9703211391711,2250
1603.008689604711,2166
1605.0465350022005,2131
1607.0838575843068,2080
1609.1206576037753,1977
1611.1569353134305,2032
1613.1926909661765,1880
1615.2279248149953,1951
1617.2626371129481,1895
1619.2968281131757,1831
1621.3304980688963,1897
1623.3636472334088,1822
1625.39627586009,1821
1627.428384202396,1788
1629.459972513861,1844
1631.4910410480993,1809
1633.5215900588028,1752
1635.551619799744,1754
1637.5811305247717,1722
1639.6101224878166,1732
1641.6385959428862,1711
1643.6665511440683,1708
1645.693988345528,1704
1647.7209078015112,1690
1649.7473097663405,1712
1651.7731944944203,1658
1653.7985622402307,1673
1655.823413258333,1662
1657.847747803366,1644
1659.8715661300494,1621
1661.8948684931793,1612
1663.9176551476316,1619
1665.9399263483624,1623
1667.9616823504057,1698
1669.982923408873,1648
1672.0036497789574,1670
1674.0238617159293,1584
1676.043559475138,1614
1678.0627433120121,1606
1680.081413482059,1657
1682.0995702408654,1630
1684.117213844096,1690
1686.134344547495,1586
1688.1509626068864,1631
1690.1670682781705,1647
1692.182661817329,1608
1694.1977434804217,1594
1696.2123135235875,1638
1698.226372203043,1624
1700.2399197750851,1626
1702.2529564960905,1624
1704.2654826225112,1551
1706.277498410882,1622
1708.2890041178139,1635
1710.2999999999988,1662
1712.3104863142066,1624
1714.3204633172854,1594
1716.329931266163,1694
1718.3388904178469,1604
1720.3473410294214,1624
1722.3552833580516,1602
1724.3627176609807,1553
1726.3696441955308,1616
1728.3760632191033,1578
1730.3819749891782,1586
1732.3873797633146,1647
1734.3922777991502,1602
1736.3966693544012,1548
1738.4005546868639,1559
1740.4039340544127,1537
1742.406807715001,1570
1744.4091759266616,1551
1746.4110389475054,1588
1748.4123970357223,1506
1750.413250449582,1521
1752.4135994474318,1523
1754.4134442876993,1509
1756.4127852288902,1544
1758.4116225295893,1541
1760.4099564484595,1563
1762.407787244244,1517
1764.405115175764,1487
1766.4019405019203,1564
1768.3982634816916,1530
1770.3940843741357,1483
1772.3894034383907,1538
1774.3842209336717,1519
1776.378537119274,1544
1778.372352254571,1490
1780.3656665990156,1518
1782.3584804121397,1483
1784.3507939535534,1493
1786.3426074829463,1506
1788.3339212600863,1489
1790.3247355448211,1469
1792.3150505970766,1555
1794.3048666768573,1516
1796.2941840442477,1476
1798.2830029594106,1482
1800.2713236825884,1522
1802.2591464741004,1516
1804.2464715943465,1483
1806.2332993038058,1513
1808.2196298630352,1511
1810.2054635326708,1512
1812.190800573428,1489
1814.175641246101,1506
1816.1599858115628,1451
1818.1438345307652,1472
1820.127187664738,1498
1822.1100454745924,1543
1824.092408221516,1540
1826.0742761667766,1486
1828.055649571721,1455
1830.0365286977735,1502
1832.0169138064398,1527
1833.9968051593014,1482
1835.9762030180214,1459
1837.9551076443408,1451
1839.9335193000788,1454
1841.9114382471344,1461
1843.888864747485,1493
1845.8657990631878,1519
1847.842241456378,1593
1849.8181921892697,1490
1851.7936515241558,1506
1853.7686197234098,1442
1855.7430970494815,1478
1857.7170837649014,1498
1859.6905801322787,1531
1861.6635864143004,1515
1863.6361028737338,1447
1865.608129773424,1469
1867.5796673762961,1471
1869.5507159453537,1551
1871.521275743678,1435
1873.4913470344313,1492
1875.4609300808534,1532
1877.4300251462632,1499
1879.3986324940588,1495
1881.366752387717,1457
1883.3343850907936,1492
1885.3015308669228,1536
1887.268189979819,1467
1889.2343626932739,1504
1891.2000492711595,1521
1893.1652499774254,1540
1895.1299650761011,1483
1897.0941948312952,1514
1899.0579395071945,1475
1901.0211993680641,1491
1902.98397467825,1526
1904.9462657021745,1475
1906.9080727043415,1465
1908.869395949332,1470
1910.8302357018065,1415
1912.790592226504,1549
1914.7504657882428,1433
1916.7098566519212,1470
1918.6687650825133,1509
1920.6271913450764,1507
1922.5851357047422,1517
1924.5425984267245,1525
1926.499579776314,1507
1928.4560800188833,1468
1930.4120994198802,1546
1932.367638244833,1502
1934.32269675935,1477
1936.2772752291175,1487
1938.231373919899,1398
1940.1849930975404,1380
1942.1381330279637,1488
1944.0907939771696,1520
1946.0429762112412,1470
1947.9946799963363,1520
1949.9459055986945,1525
1951.896653284633,1531
1953.8469233205478,1509
1955.7967159729142,1518
1957.7460315082863,1412
1959.6948701932974,1466
1961.6432322946594,1492
1963.5911180791632,1456
1965.5385278136787,1545
1967.4854617651545,1568
1969.4319202006182,1456
1971.377903387176,1522
1973.3234115920136,1445
1975.268445082395,1473
1977.2130041256642,1490
1979.1570889892423,1526
1981.1006999406304,1480
1983.04383724741,1470
1984.986501177238,1468
1986.928691997853,1512
1988.8704099770712,1489
1990.811655382789,1436
1992.7524284829801,1428
1994.692729545698,1448
1996.6325588390755,1482
1998.5719166313224,1488
2000.5108031907307,1469
2002.4492187856677,1493
2004.387163684583,1432
2006.3246381560011,1453
2008.2616424685298,1484
2010.1981768908527,1408
2012.1342416917332,1470
2014.069837140014,1418
2016.0049635046162,1460
2017.9396210545406,1444
2019.8738100588666,1479
2021.8075307867502,1422
2023.740783507431,1455
2025.6735684902228,1487
2027.6058860045214,1469
2029.5377363198004,1431
2031.4691197056118,1429
2033.4000364315875,1453
2035.3304867674374,1444
2037.260470982952,1386
2039.189989347998,1455
2041.1190421325232,1442
2043.047629606554,1416
2044.9757520401945,1470
2046.9034097036288,1450
2048.8306028671195,1422
2050.7573318010086,1440
2052.683596775716,1426
2054.609398061742,1400
2056.5347359296647,1462
2058.4596106501403,1464
2060.384022493906,1436
2062.3079717317764,1411
2064.231458634646,1406
2066.1544834734873,1461
2068.077046519352,1407
2069.99914804337,1401
2071.9207883167524,1403
2073.8419676107865,1471
2075.7626861968406,1438
2077.6829443463607,1467
2079.6027423308715,1479
2081.522080421977,1466
2083.440958891362,1437
2085.359378010786,1435
2087.2773380520907,1425
2089.194839287196,1429
2091.111881988101,1433
2093.0284664268825,1419
2094.9445928756973,1407
2096.86026160678,1450
2098.775472892446,1470
2100.690227005088,1459
2102.604524217178,1428
2104.5183648012676,1396
2106.431749029985,1424
2108.34467717604,1434
2110.2571495122206,1430
2112.169166311393,1417
2114.080727846503,1427
2115.9918343905747,1434
2117.902486216711,1410
2119.8126835980956,1469
2121.722426807987,1426
2123.6317161197285,1452
2125.5405518067364,1485
2127.448934142509,1503
2129.356863400624,1441
2131.264339854737,1412
2133.1713637785815,1446
2135.077935445972,1400
2136.9840551308002,1488
2138.889723107037,1461
2140.7949396487334,1461
2142.699705030018,1432
2144.6040195250994,1455
2146.507883408264,1461
2148.4112969538774,1417
2150.3142604363848,1481
2152.2167741303097,1468
2154.1188383102535,1444
2156.0204532508997,1459
2157.9216192270064,1400
2159.822336513414,1427
2161.7226053850413,1400
2163.622426116884,1438
2165.5217989840185,1436
2167.4207242616,1479
2169.319202224862,1466
2171.2172331491165,1438
2173.1148173097563,1441
2175.0119549822507,1411
2176.90864644215,1429
2178.8048919650823,1480
2180.7006918267534,1383
2182.596046302952,1412
2184.4909556695407,1471
2186.3854202024645,1454
2188.279440177746,1438
2190.173015871487,1476
2192.066147559868,1414
2193.958835519149,1378
2195.851080025667,1449
2197.7428813558417,1433
2199.6342397861667,1408
2201.5251555932186,1397
2203.415629053651,1423
2205.3056604441986,1420
2207.19525004167,1406
2209.084398122958,1468
2210.9731049650327,1380
2212.861370844941,1436
2214.749196039812,1417
2216.636580826851,1502
2218.523525483344,1472
2220.410030286655,1482
2222.296095514226,1435
2224.1817214435805,1441
2226.066908352319,1484
2227.951656518121,1466
2229.835966218746,1450
2231.71983773203,1446
2233.6032713358913,1483
2235.486267308324,1476
2237.3688259274036,1485
2239.2509474712824,1494
2241.132632218193,1476
2243.013880446447,1419
2244.8946924344323,1422
2246.7750684606203,1412
2248.6550088035574,1479
2250.534513741871,1454
2252.413583554265,1436
2254.292218519526,1417
2256.170418916517,1522
2258.0481850241786,1518
2259.925517121534,1448
2261.8024154876825,1466
2263.678880401803,1384
2265.5549121431536,1400
2267.430510991071,1479
2269.305677224971,1454
2271.180411124348,1448
2273.0547129687766,1380
2274.9285830379076,1443
2276.8020216114737,1432
2278.6750289692845,1434
2280.5476053912294,1444
2282.4197511572766,1390
2284.2914665474727,1472
2286.162751841943,1459
2288.0336073208937,1461
2289.904033264608,1468
2291.774029953448,1439
2293.6435976678554,1461
2295.5127366883517,1386
2297.381447295534,1464
2299.2497297700825,1468
2301.1175843927526,1444
2302.9850114443825,1400
2304.852011205885,1475
2306.7185839582553,1481
2308.5847299825664,1469
2310.4504495599676,1444
2312.3157429716925,1501
2314.1806104990483,1416
2316.0450524234247,1427
2317.9090690262888,1512
2319.772660589186,1521
2321.635827393742,1460
2323.498569721661,1463
2325.3608878547248,1514
2327.2227820747967,1586
2329.0842526638157,1510
2330.945299903803,1452
2332.805924076857,1464
2334.6661254651535,1460
2336.525904350951,1499
2338.3852610165827,1494
2340.244195744464,1520
2342.102708817088,1473
2343.9608005170253,1438
2345.8184711269287,1452
2347.675720929526,1518
2349.532550207628,1440
2351.38895924412,1461
2353.24494832197,1427
2355.100517724223,1429
2356.955667734004,1512
2358.810398634514,1441
2360.664710709037,1430
2362.5186042409337,1505
2364.3720795136437,1496
2366.225136810686,1508
2368.0777764156583,1519
2369.929998612237,1464
2371.7818036841777,1535
2373.633191915315,1532
2375.484163589562,1460
2377.3347189909114,1487
2379.184858403434,1503
2381.03458211128,1488
2382.8838903986775,1486
2384.732783549936,1484
2386.5812618494406,1506
2388.4293255816588,1487
2390.2769750311327,1492
2392.1242104824883,1539
2393.971032220427,1586
2395.8174405297295,1467
2397.6634356952563,1514
2399.509018001947,1473
2401.3541877348193,1503
2403.1989451789705,1527
2405.043290619576,1484
2406.8872243418905,1453
2408.730746631247,1498
2410.5738577730594,1475
2412.4165580528183,1545
2414.258847756095,1541
2416.100727168537,1507
2417.9421965758734,1493
2419.783256263912,1532
2421.623906518538,1538
2423.4641476257157,1575
2425.303979871491,1509
2427.143403541984,1521
2428.9824189233977,1517
2430.821026302012,1533
2432.6592259641866,1521
2434.497018196361,1544
2436.33440328505,1563
2438.171381516851,1528
2440.00795317844,1563
2441.844118556569,1598
2443.6798779380724,1503
2445.5152316098606,1526
2447.3501798589255,1589
2449.1847229723357,1581
2451.0188612372403,1571
2452.8525949408663,1563
2454.6859243705203,1591
2456.518849813587,1528
2458.3513715575314,1545
2460.183489889895,1499
2462.015205098301,1529
2463.8465174704493,1525
2465.67742729412,1509
2467.5079348571717,1565
2469.338040447542,1584
2471.1677443532476,1507
2472.9970468623833,1545
2474.825948263123,1481
2476.6544488437207,1502
2478.482548892508,1538
2480.310248697896,1530
2482.137548548374,1535
2483.9644487325118,1570
2485.790949538956,1552
2487.617051256433,1538
2489.44275417375,1541
2491.26805857979,1551
2493.0929647635157,1571
2494.917473013971,1566
2496.741583620276,1565
2498.5652968716304,1560
2500.3886130573137,1502
2502.2115324666834,1614
2504.0340553891765,1533
2505.856182114308,1567
2507.6779129316733,1522
2509.499248130945,1591
2511.3201880018764,1549
2513.140732834298,1597
2514.9608829181198,1558
2516.780638543331,1564
2518.6,1552
2520.418967578273,1573
2522.237541568376,1556
2524.0557222606144,1559
2525.8735099453706,1533
2527.6909049131086,1527
2529.507907454368,1607
2531.32451785977,1596
2533.140736420014,1530
2534.9565634258774,1591
2536.771999168218,1603
2538.5870439379714,1643
2540.4016980261526,1584
2542.2159617238544,1657
2544.02983532225,1688
2545.8433191125914,1644
2547.656413386209,1652
2549.4691184345115,1699
2551.2814345489874,1636
2553.093362021204,1654
2554.904901142808,1668
2556.716052205523,1751
2558.526815501153,1658
2560.3371913215824,1699
2562.147179958771,1613
2563.956781704761,1747
2565.7659968516705,1727
2567.5748256916986,1711
2569.3832685171224,1721
2571.1913256202984,1681
2572.9989972936614,1740
2574.806283829725,1710
2576.613185521084,1731
2578.4197026604074,1782
2580.2258355404483,1747
2582.031584454035,1785
2583.836949694077,1778
2585.6419315535613,1797
2587.4465303255533,1829
2589.2507463032002,1781
2591.0545797797245,1750
2592.8580310484303,1729
2594.6611004026995,1847
2596.463788135992,1846
2598.266094541849,1814
2600.0680199138874,1856
2601.869564545807,1884
2603.670728731383,1806
2605.4715127644704,1855
2607.2719169390048,1854
2609.071941548998,1803
2610.8715868885433,1793
2612.670853251811,1803
2614.469740933052,1855
2616.268250226594,1829
2618.0663814268455,1886
2619.864134828292,1781
2621.6615107255006,1873
2623.458509413115,1867
2625.2551311858597,1858
2627.0513763385347,1868
2628.8472451660223,1841
2630.6427379632833,1888
2632.4378550253564,1775
2634.232596647359,1773
2636.026963124488,1753
2637.8209547520187,1784
2639.6145718253065,1806
2641.407814639785,1765
2643.200683490966,1794
2644.9931786744414,1766
2646.7853004858807,1761
2648.577049221034,1736
2650.3684251757277,1747
2652.1594286458712,1710
2653.9500599274484,1711
2655.740319316525,1651
2657.5302071092437,1688
2659.3197236018286,1641
2661.10886909058,1600
2662.8976438718782,1725
2664.686048242183,1627
2666.4740824980327,1683
2668.2617469360443,1709
2670.0490418529134,1641
2671.8359675454153,1600
2673.622524310403,1669
2675.408712444811,1671
2677.1945322456495,1653
2678.979984010009,1610
2680.76506803506,1617
2682.5497846180497,1642
2684.334134056306,1662
2686.1181166472343,1552
2687.9017326883213,1551
2689.6849824771293,1589
2691.4678663113013,1630
2693.2503844885596,1564
2695.032537306705,1553
2696.8143250636167,1516
2698.5957480572542,1522
2700.3768065856534,1574
2702.1575009469316,1530
2703.937831439283,1587
2705.717798360982,1577
2707.4974020103837,1530
2709.276642685917,1545
2711.055520686095,1518
2712.834036309506,1552
2714.612189854819,1575
2716.389981620782,1538
2718.1674119062204,1489
2719.944481010041,1567
2721.721189231226,1522
2723.4975368688415,1518
2725.273524222027,1437
2727.0491515900053,1496
2728.824419272075,1520
2730.5993275676146,1444
2732.3738767760838,1533
2734.148067197016,1543
2735.921899130031,1552
2737.6953728748194,1527
2739.468488731156,1498
2741.2412469988926,1471
2743.0136479779617,1491
2744.785691968372,1539
2746.5573792702116,1526
2748.3287101836504,1450
2750.099685008934,1427
2751.870304046388,1543
2753.640567596418,1516
2755.4104759595057,1495
2757.1800294362156,1546
2758.949228327187,1476
2760.7180729331412,1571
2762.486563554877,1470
2764.254700493272,1515
2766.022484049284,1492
2767.789914523947,1533
2769.5569922183786,1507
2771.3237174337705,1563
2773.090090471394,1531
2774.8561116326036,1485
2776.6217812188274,1462
2778.3870995315756,1459
2780.1520668724356,1510
2781.9166835430747,1477
2783.6809498452394,1502
2785.444866080754,1493
2787.2084325515225,1496
2788.971649559527,1553
2790.73451740683,1473
2792.4970363955713,1465
2794.2592068279705,1426
2796.0210290063264,1475
2797.7825032330147,1509
2799.543629810493,1508
2801.304409041296,1458
2803.0648412280366,1394
2804.8249266734088,1548
2806.5846656801846,1460
2808.344058551212,1488
2810.1031055894246,1522
2811.8618070978273,1500
2813.6201633795085,1480
2815.378174737636,1461
2817.1358414754536,1436
2818.893163896285,1477
2820.6501423035334,1441
2822.4067770006814,1536
2824.1630682912883,1516
2825.9190164789957,1504
2827.6746218675207,1524
2829.429884760661,1492
2831.184805462294,1505
2832.9393842763743,1441
2834.693621506936,1515
2836.4475174580916,1517
2838.201072434034,1578
2839.954286739034,1470
2841.707160677441,1512
2843.459694553685,1462
2845.2118886722724,1433
2846.96374333779,1486
2848.7152588549034,1482
2850.4664355283567,1486
2852.217273662973,1467
2853.9677735636546,1508
2855.7179355353833,1479
2857.4677598832186,1437
2859.217246912299,1456
2860.9663969278427,1534
2862.715210235146,1572
2864.4636871395846,1506
2866.211827946614,1506
2867.9596329617652,1473
2869.7071024906536,1482
2871.4542368389684,1491
2873.20103631248,1499
2874.947501217038,1437
2876.6936318585695,1489
2878.4394285430812,1491
2880.1848915766604,1493
2881.9300212654707,1463
2883.6748179157553,1479
2885.4192818338374,1488
2887.1634133261173,1538
2888.907212699077,1491
2890.6506802592744,1523
2892.393816313348,1481
2894.1366211680142,1536
2895.8790951300693,1490
2897.621238506388,1478
2899.363051603925,1555
2901.1045347297118,1491
2902.8456881908596,1506
2904.58651229456,1488
2906.327007348081,1481
2908.067173658772,1509
2909.8070115340597,1551
2911.5465212814497,1452
2913.285703208527,1507
2915.0245576229563,1450
2916.7630848324807,1459
2918.5012851449196,1405
2920.2391588681758,1528
2921.976706310227,1538
2923.7139277791334,1474
2925.4508235830313,1460
2927.187394030137,1469
2928.923639428745,1483
2930.6595600872306,1491
2932.395156314046,1493
2934.1304284177218,1468
2935.8653767068713,1504
2937.6000014901815,1503
2939.3343030764227,1520
2941.068281774442,1484
2942.8019378931644,1485
2944.5352717415976,1531
2946.2682836288236,1476
2948.0009738640065,1537
2949.7333427563885,1552
2951.465390615289,1475
2953.1971177501086,1517
2954.9285244703265,1538
2956.6596110855,1462
2958.3903779052657,1455
2960.1208252393385,1447
2961.8509533975125,1517
2963.5807626896617,1467
2965.3102534257378,1485
2967.0394259157715,1450
2968.768280469873,1429
2970.496817398232,1491
2972.2250370111146,1497
2973.952939618869,1445
2975.6805255319196,1435
2977.4077950607707,1447
2979.134748516006,1482
2980.861386208289,1475
2982.587708448359,1478
2984.313715547037,1484
2986.039407815222,1505
2987.764785563891,1487
2989.489849104102,1411
2991.2145987469908,1560
2992.9390348037705,1495
2994.6631575857346,1494
2996.3869674042576,1514
2998.1104645707887,1481
2999.83364939686,1462
3001.5565221940783,1494
3003.2790832741334,1457
3005.0013329487924,1494
3006.7232715298996,1475
3008.4448993293804,1447
3010.166216659239,1455
3011.887223831558,1486
3013.607921158498,1476
3015.3283089522993,1510
3017.0483875252826,1419
3018.7681571898443,1570
3020.4876182584626,1557
3022.2067710436927,1479
3023.9256158581707,1500
3025.644153014609,1449
3027.362382825801,1530
3029.0803056046193,1450
3030.797921664012,1440
3032.5152313170106,1498
3034.2322348767225,1464
3035.9489326563353,1432
3037.665324969115,1444
3039.3814121284063,1430
3041.097194447633,1460
3042.812672240299,1506
3044.5278458199855,1479
3046.2427155003525,1426
3047.9572815951406,1473
3049.671544418167,1488
3051.38550428333,1518
3053.0991615046073,1474
3054.812516396051,1482
3056.5255692717974,1510
3058.2383204460575,1499
3059.9507702331257,1468
3061.662918947372,1439
3063.3747669032446,1431
3065.0863144152736,1486
3066.7975617980674,1513
3068.508509366309,1475
3070.219157434767,1470
3071.9295063182844,1506
3073.639556331785,1481
3075.3493077902704,1440
3077.058761008821,1454
3078.7679163025964,1485
3080.476773986837,1516
3082.1853343768594,1490
3083.89359778806,1480
3085.6015645359153,1515
3087.3092349359786,1495
3089.016609303884,1417
3090.7236879553434,1531
3092.4304712061476,1463
3094.136959372166,1515
3095.843152769349,1511
3097.5490517137237,1514
3099.2546565213966,1501
3100.959967508554,1470
3102.66498499146,1487
3104.3697092864577,1508
3106.0741407099695,1445
3107.778279578498,1532
3109.482126208622,1477
3111.1856809170004,1476
3112.8889440203716,1477
3114.5919158355528,1480
3116.294596679439,1480
3117.996986869006,1476
3119.6990867213062,1476
3121.4008965534726,1436
3123.102416682717,1519
3124.803647426329,1439
3126.5045891016784,1544
3128.205242026213,1500
3129.90560651746,1483
3131.605682893025,1526
3133.3054714705922,1507
3135.0049725679282,1486
3136.7041865028714,1544
3138.4031135933465,1419
3140.101754157353,1492
3141.800108512971,1425
3143.498176978357,1514
3145.1959598717494,1481
3146.8934575114636,1535
3148.5906702158954,1494
3150.2875983035183,1507
3151.9842420928853,1509
3153.680601902627,1425
3155.376678051456,1452
3157.07247085816,1534
3158.767980641609,1498
3160.463207720748,1477
3162.158152414606,1513
3163.8528150422862,1446
3165.5471959229726,1550
3167.2412953759303,1488
3168.9351137204976,1505
3170.628651276098,1483
3172.3219083622307,1443
3174.014885298474,1499
3175.707582404485,1450
3177.4000000000005,1480
3179.092138404835,1460
3180.7839979388846,1497
3182.47557892212,1517
3184.166881674594,1445
3185.8579065164386,1489
3187.5486537678626,1439
3189.2391237491547,1509
3190.9293167806827,1435
3192.6192331828934,1458
3194.3088732763117,1421
3195.998237381542,1445
3197.687325819268,1481
3199.376138910251,1458
3201.064676975334,1451
3202.7529403354347,1479
3204.4409293115523,1458
3206.1286442247647,1450
3207.816085396229,1456
3209.5032531471825,1477
3211.190147798936,1456
3212.8767696728846,1434
3214.5631190905015,1422
3216.2491963733373,1441
3217.9350018430214,1450
3219.6205358212637,1443
3221.305798629851,1431
3222.990790590651,1385
3224.6755120256103,1400
3226.359963256751,1483
3228.0441446061795,1408
3229.7280563960758,1428
3231.411698948703,1474
3233.0950725863995,1437
3234.778177631587,1475
3236.461014406761,1440
3238.1435832345005,1459
3239.8258844374595,1512
3241.507918338374,1470
3243.1896852600576,1430
3244.8711855254023,1422
3246.552419457381,1498
3248.233387379042,1419
3249.914089613516,1465
3251.59452648401,1461
3253.274698313813,1465
3254.95460542629,1412
3256.6342481448855,1480
3258.313626793125,1458
3259.9927416946084,1428
3261.6715931730196,1472
3263.3501815521176,1436
3265.0285071557437,1439
3266.706570307815,1441
3268.3843713323286,1424
3270.0619105533615,1441
3271.739188295068,1496
3273.4162048816834,1447
3275.0929606375184,1409
3276.769455886966,1449
3278.445690954498,1432
3280.1216661646613,1486
3281.797381842087,1451
3283.4728383114807,1504
3285.1480358976296,1446
3286.8229749253996,1427
3288.4976557197333,1471
3290.172078605655,1453
3291.846243908266,1428
3293.5201519527463,1449
3295.193803064357,1427
3296.8671975684374,1433
3298.5403357904024,1423
3300.21321805575,1407
3301.8858446900567,1438
3303.558216018975,1457
3305.23033236824,1467
3306.9021940636603,1457
3308.57380143113,1430
3310.2451547966184,1401
3311.916254486174,1467
3313.5871008259246,1419
3315.2576941420766,1452
3316.9280347609147,1380
3318.5981230088046,1410
3320.2679592121895,1414
3321.9375436975924,1425
3323.606876791612,1409
3325.27595882093,1404
3326.944790112305,1441
3328.6133709925753,1436
3330.2817017886573,1409
3331.949782827547,1376
3333.617614436319,1423
3335.2851969421245,1437
3336.952530672199,1406
3338.619615953853,1405
3340.286453114475,1447
3341.9530424815357,1493
3343.619384382583,1391
3345.2854791452437,1474
3346.951327097224,1423
3348.6169285663073,1391
3350.2822838803577,1448
3351.947393367319,1464
3353.61225735521,1475
3355.2768761721345,1420
3356.9412501462693,1379
3358.605379605873,1453
3360.2692648792827,1377
3361.9329062949146,1473
3363.596304181263,1488
