CollectionTime,9/26/2024 8:03:58 AM
ExposureUsed,3
CalibratedSpectrum
-962.7078968117929,663
-959.9714848408522,665
-957.2358232597828,651
-954.5009119013725,710
-951.7667505983302,719
-949.0333391832855,608
-946.3006774887896,647
-943.5687653473143,726
-940.837602591253,794
-938.1071890529199,618
-935.3775245645503,633
-932.6486089583007,644
-929.9204420662485,724
-927.1930237203925,774
-924.4663537526524,673
-921.7404319948689,755
-919.0152582788041,756
-916.2908324361409,857
-913.5671542984834,740
-910.8442236973568,740
-908.1220404642074,787
-905.4006044304027,726
-902.679915427231,715
-899.959973285902,735
-897.2407778375464,774
-894.5223289132158,716
-891.8046263438832,627
-889.0876699604426,672
-886.3714595937089,704
-883.6559950744183,774
-880.9412762332282,706
-878.2273029007168,639
-875.5140749073835,667
-872.8015920836489,590
-870.0898542598545,568
-867.3788612662631,618
-864.6686129330585,595
-861.9591090903457,574
-859.2503495681506,568
-856.5423341964203,600
-853.8350628050229,609
-851.1285352237478,631
-848.4227512823054,617
-845.7177108103272,691
-843.0134136373656,849
-840.3098595928943,779
-837.6070485063082,711
-834.9049802069229,697
-832.2036545239757,663
-829.5030712866244,726
-826.8032303239481,738
-824.1041314649472,712
-821.4057745385428,673
-818.7081593735775,609
-816.0112857988148,674
-813.3151536429393,704
-810.6197627345566,682
-807.9251129021936,695
-805.2312039742981,671
-802.5380357792392,660
-799.8456081453069,691
-797.1539209007124,743
-794.462973873588,721
-791.772766891987,682
-789.083299783884,741
-786.3945723771743,697
-783.7065844996748,684
-781.0193359791231,675
-778.3328266431781,655
-775.6470563194197,669
-772.9620248353489,668
-770.2777320183878,635
-767.5941776958798,588
-764.9113616950891,551
-762.2292838432011,632
-759.5479439673222,644
-756.8673418944801,641
-754.1874774516235,691
-751.5083504656222,648
-748.8299607632671,688
-746.15230817127,768
-743.475392516264,757
-740.7992136248035,660
-738.1237713233636,705
-735.4490654383407,780
-732.7750957960521,701
-730.1018622227365,694
-727.4293645445534,669
-724.7576025875837,710
-722.0865761778291,692
-719.4162851412126,726
-716.7467293035781,855
-714.0779084906909,794
-711.409822528237,653
-708.7424712418238,704
-706.0758544569796,727
-703.4099719991541,683
-700.7448236937178,712
-698.0804093659622,791
-695.4167288411002,785
-692.7537819442656,766
-690.0915685005134,799
-687.4300883348199,727
-684.7693412720819,710
-682.1093271371178,663
-679.4500457546669,696
-676.7914969493897,700
-674.1336805458676,704
-671.4765963686034,656
-668.8202442420206,675
-666.1646239904642,685
-663.5097354382001,706
-660.8555784094151,717
-658.2021527282176,661
-655.5494582186366,650
-652.8974947046223,728
-650.2462620100463,797
-647.5957599587009,796
-644.9459883742998,783
-642.2969470804776,835
-639.6486359007902,844
-637.0010546587141,758
-634.3542031776476,667
-631.7080812809096,703
-629.0626887917401,1005
-626.4180255333008,1213
-623.7740913286734,982
-621.1308860008619,779
-618.4884093727904,833
-615.8466612673046,804
-613.2056415071715,791
-610.5653499150785,873
-607.9257863136347,847
-605.28695052537,800
-602.6488423727357,777
-600.0114616781036,1061
-597.3748082637674,1341
-594.7388819519412,1239
-592.1036825647604,1077
-589.4692099242818,1285
-586.8354638524829,1385
-584.2024441712624,1160
-581.5701507024403,955
-578.9385832677575,929
-576.3077416888759,1009
-573.6776257873787,1216
-571.0482353847704,1132
-568.4195703024757,951
-565.7916303618415,846
-563.164415384135,810
-560.5379251905453,773
-557.9121596021815,890
-555.2871184400748,966
-552.6628015251767,876
-550.0392086783606,977
-547.4163397204204,1017
-544.794194472071,1146
-542.1727727539491,1056
-539.5520743866118,1021
-536.9320991905377,1015
-534.3128469861261,1150
-531.6943175936979,1132
-529.0765108334947,1254
-526.4594265256793,1388
-523.8430644903358,1602
-521.2274245474689,1716
-518.612506517005,1888
-515.9983102187913,2172
-513.3848354725959,2489
-510.77208209810846,2660
-508.16004991493924,2853
-505.5487387426199,2807
-502.9381484006032,2499
-500.3282787082628,2132
-497.71912948489364,1857
-495.1107005497117,1501
-492.5029917218539,1341
-489.8960028203786,1198
-487.28973366426493,999
-484.68418407241325,1071
-482.07935386364494,1068
-479.47524285670266,974
-476.87185087025,1002
-474.2691777228715,1048
-471.66722323307334,1010
-469.0659872192821,990
-466.4654694998459,972
-463.86566989303384,933
-461.26658821703614,1188
-458.66822428996414,1116
-456.07057792985,1144
-453.4736489546475,1184
-450.877437182231,1025
-448.28194243039627,930
-445.68716451686,1029
-443.09310325926003,1008
-440.49975847515555,1009
-437.9071299820263,1073
-435.31521759727354,1058
-432.72402113821954,1342
-430.13354042210767,1136
-427.5437752661022,1049
-424.95472548728867,1163
-422.36639090267386,1288
-419.7787713291855,1558
-417.1918665836721,1546
-414.60567648290385,1428
-412.0202008435715,1225
-409.4354394822874,1341
-406.8513922155845,1296
-404.26805885991723,1288
-401.685439231661,1134
-399.103533147112,1098
-396.522340422488,1148
-393.9418608739278,1226
-391.3620943174908,1361
-388.7830405691583,1263
-386.2046994448317,1155
-383.6270707603344,1301
-381.05015433141045,1309
-378.473949973725,1096
-375.8984575028645,1028
-373.32367673433623,1031
-370.74960748356875,963
-368.1762495659117,1005
-365.60360279663576,1056
-363.03166699093265,1033
-360.4604419639154,942
-357.8899275306178,855
-355.32012350599507,787
-352.7510297049233,809
-350.1826459421999,821
-347.61497203254316,811
-345.04800779059235,947
-342.4817530309082,1355
-339.91620756797226,1351
-337.35137121618743,1293
-334.7872437898774,1332
-332.22382510328725,1576
-329.66111497058273,1407
-327.09911320585127,930
-324.53781962310075,879
-321.9772340362607,867
-319.4173562591816,885
-316.8581861056348,913
-314.2997233893127,910
-311.7419679238294,891
-309.1849195227194,940
-306.62857799943856,1115
-304.0729431673641,1090
-301.51801483979375,1118
-298.963792829947,1151
-296.41027695096386,1262
-293.85746701590574,1719
-291.3053628377552,1597
-288.7539642294155,1637
-286.2032710037115,1661
-283.65328297338897,2070
-281.1039999511146,2400
-278.5554217494762,2556
-276.007548180983,1554
-273.4603790580651,1060
-270.9139141930734,1269
-268.3681533982807,1649
-265.8230964858798,1907
-263.27874326798565,1539
-260.7350935566336,1538
-258.1921471637804,1594
-255.6499039013039,1756
-253.10836358100266,1243
-250.56752601459698,1655
-248.02739101372765,2216
-245.48795838995704,2098
-242.94922795476816,1670
-240.41119951956557,1349
-237.8738728956746,1656
-235.33724789434166,1819
-232.80132432673452,1631
-230.2661020039418,1520
-227.73158073697357,1783
-225.19776033676033,2136
-222.66464061415422,2103
-220.1322213799284,1771
-217.60050244477725,1617
-215.06948361931552,2418
-212.53916471408013,3150
-210.00954553952818,3220
-207.48062590603843,2074
-204.9524056239104,1834
-202.4248845033651,2212
-199.8980623545441,2675
-197.37193898751036,2685
-194.84651421224817,1902
-192.32178783866232,1992
-189.79775967657952,2638
-187.27442953574644,3477
-184.7517972258321,3390
-182.2298625564256,2490
-179.7086253370378,2556
-177.18808537710026,3437
-174.66824248596583,3843
-172.14909647290835,3564
-169.6306471471229,2303
-167.11289431772548,2325
-164.59583779375328,2749
-162.07947738416453,3808
-159.5638128978386,4309
-157.04884414357605,4379
-154.53457093009854,2997
-152.02099306604828,2528
-149.50811035998936,2855
-146.99592262040665,3745
-144.48442965570587,5215
-141.97363127421409,6995
-139.46352728417958,5973
-136.95411749377126,4307
-134.44540171107985,3046
-131.93737974411636,3026
-129.43005140081357,4517
-126.92341648902493,7966
-124.41747481652521,12031
-121.91222619101006,11775
-119.40767042009657,8968
-116.90380731132257,6680
-114.40063667214702,4252
-111.8981583099503,4421
-109.3963720320337,7834
-106.89527764561933,15601
-104.39487495785067,25925
-101.89516377579241,27840
-99.39614390642998,23720
-96.89781515667039,16449
-94.40017733334128,14947
-91.90323024319173,12392
-89.40697369289148,12289
-86.91140748903172,18270
-84.41653143812482,35268
-81.92234534660395,55908
-79.42884902082358,63651
-76.93604226705907,65025
-74.4439248915071,65025
-71.95249670028534,65025
-69.46175749943245,65025
-66.97170709490854,65025
-64.48234529259423,65025
-61.99367189829195,65025
-59.50568671772464,65025
-57.01838955653636,65025
-54.53178022029283,65025
-52.045858514480074,65025
-49.560624244506016,65025
-47.07607721569923,42306
-44.59221723330904,42912
-42.10904410250669,44801
-39.62655762838392,43513
-37.14475761595372,52149
-34.66364387015028,52522
-32.18321619582866,60541
-29.70347439776515,65025
-27.224418280657005,65025
-24.74604764912317,65025
-22.26836230770266,65025
-19.7913620608565,65025
-17.315046712966478,65025
-14.83941606833514,65025
-12.36446993118659,65025
-9.89020810566592,65025
-7.416630395839093,65025
-4.94373660569363,65025
-2.471526539137585,65025
-6.821210263296962E-13,65025
2.47084320796705,65025
4.941003281093458,65025
7.410480415786196,65025
9.879274808531363,65025
12.347386655893956,65025
14.814816154518212,65025
17.28156350112681,65025
19.74762889252179,65025
22.21301252558385,29959
24.67771459727237,12452
27.141735304626195,14086
29.605074844762612,12902
32.06773341487792,10672
34.52971121224755,11701
36.99100843422559,14994
39.45162527824516,13678
41.91156194181792,12268
44.370818622535126,9844
46.82939551806646,9038
49.287292826160524,10930
51.74451074464503,10354
54.201049471426245,9780
56.65690920448981,7219
59.112090141899785,6642
61.56659248179983,5624
64.02041642241159,4446
66.4735621620365,5325
68.92602989905402,6673
71.37781983192338,6549
73.82893215918205,7215
76.27936707944684,7348
78.72912479141326,6916
81.17820549385567,7304
83.62660938562783,6353
86.07433666566146,5670
88.5213875329681,4157
90.96776218663751,4786
93.41346082583925,4756
95.85848364982041,4824
98.30283085790859,7310
100.7465026495089,6957
103.18949922410604,5495
105.63182078126385,4642
108.07346752062438,3899
110.51443964190923,2950
112.95473734491827,3426
115.39436082953114,4129
117.83331029570547,4492
120.27158594347827,3929
122.7091879729652,3527
125.1461165843615,3701
127.58237197794062,4164
130.01795435405518,4068
132.4528639131364,3429
134.88710085569494,3788
137.32066538231982,3566
139.75355769367923,2870
142.1857779905207,2932
144.61732647366978,3532
147.04820334403132,3228
149.47840880258934,2424
151.90794305040674,2613
154.33680628862487,2793
156.76499871846443,2598
159.19252054122433,2610
161.61937195828352,2635
164.04555317109896,3260
166.47106438120693,3231
168.89590579022217,2875
171.320077599839,3159
173.7435800118302,3922
176.16641322804742,3926
178.58857745042144,3469
181.01007288096173,3883
183.43089972175687,4133
185.85105817497413,3353
188.27054844285988,2824
190.6893707277394,2903
193.10752523201643,3548
195.5250121581745,3391
197.9418317087751,2893
200.3579840864594,3135
202.7734694939469,3391
205.18828813403627,3112
207.6024402096051,3128
210.01592592360964,3328
212.42874547908548,3043
214.84089907914665,3175
217.2523869269868,3260
219.66320922587727,3047
222.0733661791695,2661
224.48285799029293,2725
226.8916848627572,2928
229.29984700014882,2920
231.7073446061355,2945
234.11417788446204,2940
236.520347038953,3144
238.92585227351185,3224
241.33069379212054,2932
243.73487179884035,2915
246.1383864978112,3167
248.541238093252,3293
250.9434267894609,3194
253.34495279081432,2977
255.74581630176783,2756
258.1460175268563,2813
260.54555667069314,2980
262.9444339379703,3250
265.3426495334594,3316
267.7402036620107,3414
270.1370965285529,3404
272.53332833809407,3158
274.9288992957214,3345
277.32380960660055,3441
279.718059475976,3238
282.1116491091717,2844
284.5045787115897,2754
286.89684848871195,2693
289.2884586460981,2778
291.67940938938807,3167
294.0697009242996,2909
296.4593334566299,3085
298.84830719225477,3301
301.23662233712923,3151
303.6242790972866,2948
306.01127767884,2907
308.39761828798066,3036
310.78330113097934,2671
313.16832641418534,2409
315.5526943440269,2520
317.9364051270112,2848
320.3194589697242,2838
322.70185607883093,2656
325.0835966610754,2640
327.4646809232805,2640
329.8451090723478,2597
332.2248813152577,2590
334.6039978590701,2398
336.9824589109231,2339
339.36026467803447,2242
341.7374153677,2278
344.113911187295,2284
346.48975234427337,2401
348.8649390461686,2395
351.2394715005918,2266
353.61334991523415,2328
355.9865744978655,2179
358.35914545633375,2242
360.73106299856715,2339
363.10232733257146,2540
365.47293866643247,2511
367.84289720831396,2336
370.2122031664593,2131
372.5808567491905,2308
374.9488581649083,2162
377.31620762209275,2102
379.6829053293021,2151
382.0489514951745,2294
384.4143463284262,2239
386.7790900378528,2177
389.14318283232853,2345
391.50662492080653,2382
393.86941651231916,2727
396.23155781597745,2878
398.5930490409713,2540
400.9538903965696,2296
403.3140820921202,2344
405.6736243370498,2382
408.03251734086336,2222
410.3907613131465,2161
412.74835646356166,2138
415.10530300185144,2149
417.4616011378372,2212
419.81725108141893,2167
422.1722530425758,2058
424.5266072313656,2210
426.880313857925,2130
429.2333731324701,1996
431.58578526529516,1941
433.9375504667738,1967
436.2886689473588,1996
438.63914091758113,1941
440.9889665880513,1869
443.33814616945835,1972
445.68667987257015,2113
448.03456790823395,2039
450.3818104873759,1967
452.72840782100013,1923
455.07436012019105,1892
457.41966759611057,1969
459.7643304600007,1858
462.10834892318155,1884
464.4517231970525,2039
466.79445349309174,2076
469.1365400228566,1924
471.4779829979826,2006
473.81878263018564,2003
476.15893913125876,2039
478.4984527130747,2310
480.8373235875855,2245
483.17555196682144,2262
485.5131380628919,2234
487.8500820879857,2313
490.1863842543697,2516
492.52204477439034,2759
494.8570638604725,3198
497.1914417251204,3737
499.52517858091653,4469
501.85827464052306,5476
504.19073011668036,6147
506.5225452222086,6392
508.85372017000566,6658
511.18425517304956,7190
513.514150444396,8248
515.8434061971808,9462
518.1720226446176,9429
520.4999999999999,8900
522.8273384766991,7899
525.1540382881666,6730
527.480099647932,5504
529.8055227696037,3894
532.1303078668694,3021
534.454455153496,2689
536.777964843328,2483
539.1008371502907,2426
541.4230722883866,2398
543.744670471698,2380
546.0656319143858,2301
548.3859568306899,2408
550.7056454349294,2564
553.0246979415016,2705
555.3431145648834,2413
557.6608955196306,2118
559.978041020377,2256
562.2945512818363,2241
564.6104265188006,2108
566.9256669461412,2082
569.2402727788082,2191
571.5542442318302,2213
573.8675815203156,2057
576.1802848594508,2098
578.4923544645015,2209
580.8037905508126,1993
583.114593333807,2012
585.4247630289875,2116
587.7342998519354,2322
590.0432040183106,2273
592.3514757438526,1970
594.6591152443794,2048
596.9661227357875,2183
599.2724984340531,2182
601.578242555231,2138
603.8833553154542,1995
606.1878369309362,1980
608.4916876179676,1960
610.7949075929192,1922
613.0974970722403,1998
615.3994562724587,1912
617.7007854101818,1973
620.0014847020951,1978
622.3015543649641,1918
624.6009946156324,1941
626.8998056710224,2005
629.1979877481361,2001
631.4955410640538,1858
633.7924658359349,1906
636.0887622810175,1910
638.3844306166192,1949
640.6794710601358,2012
642.9738838290426,2053
645.2676691408932,2036
647.5608272133207,2076
649.853358264037,2073
652.1452625108324,1942
654.4365401715764,1974
656.7271914642178,2066
659.0172166067838,2089
661.3066158173809,1966
663.5953893141935,1992
665.8835373154867,2132
668.1710600396028,2142
670.4579577049639,2085
672.7442305300709,1898
675.0298787335033,1948
677.3149025339197,1978
679.599302150058,1954
681.8830778007342,2089
684.1662297048437,2036
686.4487580813608,2010
688.7306631493387,1928
691.0119451279091,1992
693.2926042362834,1857
695.5726406937516,1977
697.8520547196814,2026
700.1308465335215,1872
702.4090163547982,1879
704.6865644031171,1935
706.9634908981619,1938
709.2397960596965,1866
711.5154801075631,1870
713.7905432616823,1931
716.0649857420548,1928
718.3388077687592,1943
720.612009561953,1880
722.8845913418733,1840
725.1565533288352,1898
727.427895743234,1915
729.6986188055427,2018
731.9687227363137,1968
734.238207756178,1997
736.5070740858458,2023
738.7753219461066,1995
741.0429515578281,2003
743.3099631419569,2042
745.5763569195191,1909
747.8421331116193,1897
750.1072919394409,2007
752.3718336242467,2041
754.6357583873777,2034
756.8990664502545,1993
759.1617580343765,1985
761.423833361321,2027
763.6852926527457,1903
765.9461361303862,2063
768.206364016058,2062
770.4659765316536,2175
772.7249738991469,1996
774.9833563405886,2018
777.2411240781092,1957
779.4982773339183,1993
781.7548163303044,2026
784.010741289634,2027
786.2660524343538,2108
788.5207499869881,2181
790.7748341701416,2068
793.0283052064964,2034
795.2811633188143,1904
797.5334087299362,2043
799.7850416627813,2077
802.0360623403484,2090
804.2864709857143,2214
806.5362678220353,2238
808.7854530725468,2070
811.0340269605625,2085
813.2819897094754,2177
815.5293415427581,2077
817.77608268396,2005
820.0222133567116,1997
822.2677337847211,2242
824.5126441917765,2347
826.7569448017433,2041
829.0006358385675,1988
831.2437175262731,2039
833.4861900889629,2121
835.7280537508192,2039
837.9693087361026,1899
840.2099552691533,1915
842.4499935743896,1864
844.689423876309,2003
846.9282463994886,2004
849.1664613685833,1974
851.4040690083276,1958
853.6410695435349,1941
855.877463199097,2030
858.1132501999847,1948
860.3484307712487,1990
862.5830051380175,2001
864.8169735254988,1964
867.0503361589791,1893
869.2830932638243,1994
871.5152450654786,2003
873.7467917894654,1974
875.9777336613873,2086
878.2080709069252,1977
880.4378037518389,2058
882.666932421968,2133
884.8954571432301,2226
887.1233781416219,2234
889.3506956432192,2078
891.5774098741766,1972
893.803521060728,1964
896.0290294291852,1955
898.2539352059397,2081
900.4782386174619,2302
902.7019398903011,2247
904.925039251085,2136
907.147536926521,2043
909.3694331433943,2065
911.59072812857,2070
913.8114221089921,2081
916.0315153116827,2054
918.2510079637437,1977
920.4699002923547,2061
922.6881925247761,2065
924.905884888345,2094
927.1229776104793,2108
929.3394709186747,2024
931.555365040506,2093
933.7706602036275,2067
935.9853566357709,2219
938.1994545647489,2404
940.4129542184515,2197
942.6258558248488,2186
944.8381596119883,2322
947.0498658079974,2384
949.2609746410825,2315
951.4714863395287,2219
953.6814011316998,2201
955.8907192460387,2185
958.0994409110671,2176
960.3075663553858,2272
962.5150958076741,2280
964.7220294966913,2181
966.928367651274,2116
969.1341105003388,2085
971.3392582728806,2104
973.5438111979742,2073
975.747769504772,2029
977.9511334225061,2001
980.153903180487,2058
982.3560790081052,1963
984.5576611348289,1987
986.7586497902058,1933
988.9590452038618,2053
991.158847605503,2073
993.3580572249133,2116
995.5566742919558,1896
997.7546990365728,1802
999.952131688785,1722
1002.1489724786926,1706
1004.3452216364743,1711
1006.5408793923874,1607
1008.7359459767691,1627
1010.9304216200343,1606
1013.1243065526781,1597
1015.3176010052733,1604
1017.510305208472,1622
1019.7024193930064,1897
1021.8939437896848,1828
1024.0848786293977,1561
1026.2752241431122,1479
1028.4649805618747,1594
1030.6541481168115,1597
1032.842727039127,1540
1035.0307175601051,1520
1037.2181199111074,1578
1039.4049343235752,1548
1041.591161029029,1467
1043.7768002590683,1513
1045.9618522453698,1444
1048.1463172196918,1578
1050.3301954138697,1526
1052.513487059818,1442
1054.69619238953,1532
1056.8783116350783,1511
1059.0598450286152,1602
1061.2407928023704,1530
1063.4211551886528,1494
1065.6009324198508,1477
1067.780124728432,1445
1069.9587323469414,1447
1072.1367555080046,1438
1074.314194444325,1440
1076.4910493886855,1411
1078.667320573947,1405
1080.843008233051,1418
1083.0181125990161,1393
1085.1926339049414,1408
1087.3665723840027,1419
1089.5399282694575,1409
1091.7127017946405,1367
1093.8848931929647,1398
1096.0565026979243,1420
1098.2275305430899,1355
1100.3979769621128,1418
1102.567842188722,1491
1104.737126456726,1417
1106.9058300000124,1436
1109.0739530525475,1405
1111.2414958483764,1401
1113.4084586216231,1366
1115.5748416064907,1428
1117.7406450372605,1488
1119.9058691482942,1435
1122.0705141740304,1373
1124.2345803489884,1352
1126.3980679077658,1325
1128.5609770850388,1433
1130.7233081155623,1358
1132.8850612341707,1240
1135.0462366757774,1299
1137.2068346753745,1323
1139.3668554680326,1292
1141.526299288901,1343
1143.68516637321,1375
1145.8434569562655,1381
1148.001171273455,1398
1150.158309560244,1400
1152.3148720521767,1430
1154.470858984876,1362
1156.626270594044,1321
1158.7811071154629,1358
1160.9353687849912,1425
1163.089055838569,1475
1165.242168512213,1451
1167.3947070420209,1361
1169.5466716641677,1331
1171.6980626149075,1470
1173.8488801305748,1411
1175.9991244475814,1392
1178.1487958024186,1438
1180.2978944316555,1465
1182.4464205719428,1343
1184.5943744600072,1287
1186.7417563326567,1331
1188.8885664267755,1257
1191.0348049793297,1330
1193.1804722273619,1309
1195.325568407995,1320
1197.4700937584303,1333
1199.614048515948,1259
1201.7574329179074,1260
1203.900247201746,1308
1206.042491604982,1274
1208.1841663652099,1286
1210.3252717201053,1321
1212.465807907422,1355
1214.6057751649923,1286
1216.7451737307279,1285
1218.8840038426192,1407
1221.0222657387353,1412
1223.1599596572241,1317
1225.2970858363137,1285
1227.4336445143094,1366
1229.5696359295966,1321
1231.705060320639,1315
1233.8399179259786,1366
1235.9742089842384,1414
1238.107933734118,1370
1240.2410924143974,1363
1242.373685263935,1415
1244.5057125216676,1412
1246.6371744266116,1399
1248.7680712178621,1378
1250.898403134593,1484
1253.028170416058,1337
1255.1573733015875,1385
1257.2860120305932,1362
1259.4140868425648,1369
1261.54159797707,1340
1263.6685456737569,1456
1265.7949301723515,1532
1267.9207517126597,1349
1270.046010534565,1278
1272.1707068780306,1373
1274.2948409830983,1326
1276.4184130898889,1318
1278.541423438603,1415
1280.6638722695184,1273
1282.785759822993,1310
1284.9070863394636,1340
1287.0278520594447,1398
1289.1480572235314,1353
1291.2677020723963,1386
1293.3867868467923,1398
1295.5053117875495,1344
1297.623277135579,1363
1299.740683131868,1372
1301.8575300174857,1394
1303.973818033578,1415
1306.0895474213703,1467
1308.2047184221678,1412
1310.3193312773528,1460
1312.4333862283888,1397
1314.5468835168163,1390
1316.659823384255,1403
1318.7722060724045,1285
1320.8840318230418,1328
1322.9953008780249,1294
1325.1060134792888,1321
1327.2161698688478,1354
1329.3257702887959,1397
1331.4348149813054,1332
1333.5433041886276,1328
1335.6512381530933,1352
1337.7586171171101,1321
1339.8654413231675,1259
1341.9717110138317,1323
1344.0774264317488,1299
1346.1825878196432,1304
1348.2871954203192,1309
1350.3912494766587,1269
1352.4947502316231,1313
1354.5976979282532,1333
1356.7000928096686,1333
1358.8019351190665,1339
1360.9032250997243,1306
1363.0039629949988,1246
1365.1041490483235,1277
1367.2037835032133,1325
1369.3028666032606,1351
1371.401398592137,1350
1373.4993797135926,1361
1375.5968102114575,1368
1377.6936903296396,1364
1379.7900203121262,1375
1381.8858004029835,1344
1383.9810308463561,1290
1386.075711886469,1318
1388.1698437676241,1388
1390.2634267342032,1407
1392.356461030667,1424
1394.4489469015557,1367
1396.5408845914872,1298
1398.6322743451592,1303
1400.7231164073469,1369
1402.813411022907,1396
1404.903158436773,1409
1406.9923588939578,1444
1409.0810126395531,1415
1411.1691199187303,1373
1413.2566809767386,1305
1415.343696058907,1405
1417.4301654106425,1346
1419.5160892774315,1406
1421.6014679048399,1360
1423.6863015385125,1368
1425.7705904241707,1388
1427.8543348076178,1332
1429.9375349347342,1315
1432.0201910514802,1383
1434.102303403894,1383
1436.1838722380944,1435
1438.2648978002767,1376
1440.3453803367174,1308
1442.4253200937692,1403
1444.5047173178677,1255
1446.5835722555234,1316
1448.6618851533285,1411
1450.739656257952,1426
1452.8168858161434,1366
1454.8935740747306,1375
1456.96972128062,1341
1459.045327680797,1375
1461.120393522327,1406
1463.1949190523528,1373
1465.2689045180973,1400
1467.3423501668608,1393
1469.415256246024,1399
1471.4876230030463,1353
1473.559450685465,1421
1475.6307395408976,1393
1477.7014898170391,1412
1479.771701761665,1384
1481.8413756226287,1398
1483.9105116478618,1309
1485.9791100853772,1374
1488.0471711832643,1419
1490.1146951896926,1420
1492.1816823529098,1363
1494.2481329212433,1473
1496.3140471430984,1357
1498.3794252669609,1344
1500.4442675413939,1407
1502.5085742150404,1499
1504.572345536622,1479
1506.6355817549388,1366
1508.6982831188702,1373
1510.7604498773744,1380
1512.8220822794883,1400
1514.8831805743293,1436
1516.9437450110909,1391
1519.003775839048,1355
1521.0632733075522,1351
1523.1222376660367,1338
1525.1806691640113,1273
1527.2385680510652,1368
1529.2959345768668,1396
1531.3527689911643,1411
1533.4090715437833,1362
1535.4648424846291,1321
1537.5200820636855,1333
1539.5747905310159,1356
1541.6289681367616,1354
1543.6826151311434,1357
1545.7357317644614,1337
1547.7883182870937,1297
1549.8403749494987,1279
1551.8919020022113,1327
1553.9428996958477,1360
1555.9933682811015,1367
1558.0433080087469,1408
1560.0927191296346,1355
1562.1416018946961,1345
1564.1899565549415,1379
1566.2377833614592,1388
1568.2850825654164,1328
1570.3318544180606,1328
1572.3780991707158,1323
1574.423817074788,1274
1576.4690083817595,1314
1578.5136733431923,1307
1580.5578122107272,1343
1582.601425236085,1339
1584.6445126710646,1335
1586.6870747675434,1338
1588.7291117774776,1262
1590.7706239529034,1311
1592.8116115459347,1341
1594.8520748087658,1375
1596.8920139936686,1348
1598.9314293529933,1309
1600.9703211391711,1363
1603.008689604711,1345
1605.0465350022005,1340
1607.0838575843068,1313
1609.1206576037753,1325
1611.1569353134305,1371
1613.1926909661765,1353
1615.2279248149953,1328
1617.2626371129481,1402
1619.2968281131757,1402
1621.3304980688963,1353
1623.3636472334088,1387
1625.39627586009,1269
1627.428384202396,1330
1629.459972513861,1362
1631.4910410480993,1324
1633.5215900588028,1380
1635.551619799744,1399
1637.5811305247717,1429
1639.6101224878166,1377
1641.6385959428862,1376
1643.6665511440683,1348
1645.693988345528,1303
1647.7209078015112,1380
1649.7473097663405,1331
1651.7731944944203,1430
1653.7985622402307,1415
1655.823413258333,1386
1657.847747803366,1351
1659.8715661300494,1303
1661.8948684931793,1370
1663.9176551476316,1378
1665.9399263483624,1392
1667.9616823504057,1323
1669.982923408873,1294
1672.0036497789574,1326
1674.0238617159293,1285
1676.043559475138,1335
1678.0627433120121,1340
1680.081413482059,1289
1682.0995702408654,1328
1684.117213844096,1228
1686.134344547495,1335
1688.1509626068864,1329
1690.1670682781705,1306
1692.182661817329,1310
1694.1977434804217,1385
1696.2123135235875,1365
1698.226372203043,1469
1700.2399197750851,1449
1702.2529564960905,1472
1704.2654826225112,1367
1706.277498410882,1344
1708.2890041178139,1308
1710.2999999999988,1360
1712.3104863142066,1343
1714.3204633172854,1340
1716.329931266163,1365
1718.3388904178469,1297
1720.3473410294214,1446
1722.3552833580516,1366
1724.3627176609807,1330
1726.3696441955308,1406
1728.3760632191033,1294
1730.3819749891782,1311
1732.3873797633146,1288
1734.3922777991502,1338
1736.3966693544012,1343
1738.4005546868639,1344
1740.4039340544127,1341
1742.406807715001,1348
1744.4091759266616,1347
1746.4110389475054,1381
1748.4123970357223,1427
1750.413250449582,1349
1752.4135994474318,1344
1754.4134442876993,1315
1756.4127852288902,1278
1758.4116225295893,1364
1760.4099564484595,1353
1762.407787244244,1395
1764.405115175764,1313
1766.4019405019203,1325
1768.3982634816916,1305
1770.3940843741357,1366
1772.3894034383907,1305
1774.3842209336717,1349
1776.378537119274,1331
1778.372352254571,1342
1780.3656665990156,1348
1782.3584804121397,1368
1784.3507939535534,1359
1786.3426074829463,1302
1788.3339212600863,1388
1790.3247355448211,1367
1792.3150505970766,1326
1794.3048666768573,1345
1796.2941840442477,1388
1798.2830029594106,1352
1800.2713236825884,1398
1802.2591464741004,1324
1804.2464715943465,1313
1806.2332993038058,1381
1808.2196298630352,1341
1810.2054635326708,1408
1812.190800573428,1331
1814.175641246101,1302
1816.1599858115628,1357
1818.1438345307652,1396
1820.127187664738,1377
1822.1100454745924,1371
1824.092408221516,1384
1826.0742761667766,1306
1828.055649571721,1346
1830.0365286977735,1322
1832.0169138064398,1333
1833.9968051593014,1342
1835.9762030180214,1353
1837.9551076443408,1378
1839.9335193000788,1377
1841.9114382471344,1331
1843.888864747485,1370
1845.8657990631878,1314
1847.842241456378,1335
1849.8181921892697,1357
1851.7936515241558,1333
1853.7686197234098,1317
1855.7430970494815,1296
1857.7170837649014,1283
1859.6905801322787,1278
1861.6635864143004,1299
1863.6361028737338,1361
1865.608129773424,1377
1867.5796673762961,1343
1869.5507159453537,1324
1871.521275743678,1284
1873.4913470344313,1316
1875.4609300808534,1309
1877.4300251462632,1326
1879.3986324940588,1389
1881.366752387717,1396
1883.3343850907936,1390
1885.3015308669228,1349
1887.268189979819,1374
1889.2343626932739,1343
1891.2000492711595,1399
1893.1652499774254,1365
1895.1299650761011,1457
1897.0941948312952,1360
1899.0579395071945,1307
1901.0211993680641,1357
1902.98397467825,1369
1904.9462657021745,1351
1906.9080727043415,1316
1908.869395949332,1349
1910.8302357018065,1378
1912.790592226504,1376
1914.7504657882428,1310
1916.7098566519212,1362
1918.6687650825133,1310
1920.6271913450764,1313
1922.5851357047422,1360
1924.5425984267245,1354
1926.499579776314,1361
1928.4560800188833,1358
1930.4120994198802,1362
1932.367638244833,1349
1934.32269675935,1354
1936.2772752291175,1438
1938.231373919899,1441
1940.1849930975404,1459
1942.1381330279637,1431
1944.0907939771696,1394
1946.0429762112412,1348
1947.9946799963363,1405
1949.9459055986945,1375
1951.896653284633,1391
1953.8469233205478,1323
1955.7967159729142,1289
1957.7460315082863,1339
1959.6948701932974,1343
1961.6432322946594,1310
1963.5911180791632,1335
1965.5385278136787,1364
1967.4854617651545,1374
1969.4319202006182,1342
1971.377903387176,1355
1973.3234115920136,1368
1975.268445082395,1388
1977.2130041256642,1379
1979.1570889892423,1322
1981.1006999406304,1346
1983.04383724741,1379
1984.986501177238,1380
1986.928691997853,1371
1988.8704099770712,1353
1990.811655382789,1397
1992.7524284829801,1459
1994.692729545698,1413
1996.6325588390755,1383
1998.5719166313224,1363
2000.5108031907307,1304
2002.4492187856677,1303
2004.387163684583,1306
2006.3246381560011,1381
2008.2616424685298,1303
2010.1981768908527,1424
2012.1342416917332,1333
2014.069837140014,1282
2016.0049635046162,1380
2017.9396210545406,1353
2019.8738100588666,1308
2021.8075307867502,1331
2023.740783507431,1419
2025.6735684902228,1368
2027.6058860045214,1361
2029.5377363198004,1326
2031.4691197056118,1335
2033.4000364315875,1354
2035.3304867674374,1418
2037.260470982952,1357
2039.189989347998,1375
2041.1190421325232,1306
2043.047629606554,1361
2044.9757520401945,1327
2046.9034097036288,1312
2048.8306028671195,1394
2050.7573318010086,1348
2052.683596775716,1381
2054.609398061742,1385
2056.5347359296647,1378
2058.4596106501403,1408
2060.384022493906,1395
2062.3079717317764,1400
2064.231458634646,1295
2066.1544834734873,1283
2068.077046519352,1366
2069.99914804337,1284
2071.9207883167524,1276
2073.8419676107865,1274
2075.7626861968406,1342
2077.6829443463607,1339
2079.6027423308715,1321
2081.522080421977,1402
2083.440958891362,1365
2085.359378010786,1274
2087.2773380520907,1357
2089.194839287196,1317
2091.111881988101,1338
2093.0284664268825,1337
2094.9445928756973,1320
2096.86026160678,1344
2098.775472892446,1346
2100.690227005088,1408
2102.604524217178,1369
2104.5183648012676,1343
2106.431749029985,1396
2108.34467717604,1362
2110.2571495122206,1407
2112.169166311393,1445
2114.080727846503,1380
2115.9918343905747,1382
2117.902486216711,1376
2119.8126835980956,1400
2121.722426807987,1375
2123.6317161197285,1322
2125.5405518067364,1330
2127.448934142509,1408
2129.356863400624,1391
2131.264339854737,1411
2133.1713637785815,1362
2135.077935445972,1339
2136.9840551308002,1341
2138.889723107037,1340
2140.7949396487334,1400
2142.699705030018,1408
2144.6040195250994,1421
2146.507883408264,1444
2148.4112969538774,1395
2150.3142604363848,1434
2152.2167741303097,1376
2154.1188383102535,1386
2156.0204532508997,1387
2157.9216192270064,1324
2159.822336513414,1387
2161.7226053850413,1311
2163.622426116884,1410
2165.5217989840185,1389
2167.4207242616,1413
2169.319202224862,1357
2171.2172331491165,1394
2173.1148173097563,1392
2175.0119549822507,1363
2176.90864644215,1385
2178.8048919650823,1441
2180.7006918267534,1452
2182.596046302952,1353
2184.4909556695407,1391
2186.3854202024645,1385
2188.279440177746,1400
2190.173015871487,1426
2192.066147559868,1453
2193.958835519149,1427
2195.851080025667,1398
2197.7428813558417,1368
2199.6342397861667,1357
2201.5251555932186,1404
2203.415629053651,1440
2205.3056604441986,1421
2207.19525004167,1421
2209.084398122958,1411
2210.9731049650327,1384
2212.861370844941,1437
2214.749196039812,1388
2216.636580826851,1423
2218.523525483344,1440
2220.410030286655,1382
2222.296095514226,1448
2224.1817214435805,1428
2226.066908352319,1404
2227.951656518121,1405
2229.835966218746,1370
2231.71983773203,1406
2233.6032713358913,1387
2235.486267308324,1382
2237.3688259274036,1409
2239.2509474712824,1373
2241.132632218193,1422
2243.013880446447,1409
2244.8946924344323,1412
2246.7750684606203,1369
2248.6550088035574,1393
2250.534513741871,1430
2252.413583554265,1407
2254.292218519526,1437
2256.170418916517,1431
2258.0481850241786,1431
2259.925517121534,1403
2261.8024154876825,1381
2263.678880401803,1440
2265.5549121431536,1349
2267.430510991071,1409
2269.305677224971,1389
2271.180411124348,1373
2273.0547129687766,1421
2274.9285830379076,1417
2276.8020216114737,1392
2278.6750289692845,1405
2280.5476053912294,1421
2282.4197511572766,1420
2284.2914665474727,1452
2286.162751841943,1408
2288.0336073208937,1392
2289.904033264608,1426
2291.774029953448,1403
2293.6435976678554,1432
2295.5127366883517,1341
2297.381447295534,1348
2299.2497297700825,1324
2301.1175843927526,1248
2302.9850114443825,1267
2304.852011205885,1233
2306.7185839582553,1231
2308.5847299825664,1218
2310.4504495599676,1236
2312.3157429716925,1158
2314.1806104990483,1202
2316.0450524234247,1229
2317.9090690262888,1268
2319.772660589186,1191
2321.635827393742,1136
2323.498569721661,1189
2325.3608878547248,1178
2327.2227820747967,1182
2329.0842526638157,1116
2330.945299903803,1140
2332.805924076857,1137
2334.6661254651535,1211
2336.525904350951,1141
2338.3852610165827,1174
2340.244195744464,1165
2342.102708817088,1171
2343.9608005170253,1177
2345.8184711269287,1207
2347.675720929526,1182
2349.532550207628,1172
2351.38895924412,1214
2353.24494832197,1208
2355.100517724223,1185
2356.955667734004,1207
2358.810398634514,1242
2360.664710709037,1235
2362.5186042409337,1235
2364.3720795136437,1183
2366.225136810686,1215
2368.0777764156583,1225
2369.929998612237,1186
2371.7818036841777,1221
2373.633191915315,1184
2375.484163589562,1169
2377.3347189909114,1161
2379.184858403434,1181
2381.03458211128,1202
2382.8838903986775,1236
2384.732783549936,1206
2386.5812618494406,1224
2388.4293255816588,1199
2390.2769750311327,1165
2392.1242104824883,1199
2393.971032220427,1169
2395.8174405297295,1170
2397.6634356952563,1166
2399.509018001947,1210
2401.3541877348193,1217
2403.1989451789705,1207
2405.043290619576,1200
2406.8872243418905,1180
2408.730746631247,1197
2410.5738577730594,1225
2412.4165580528183,1138
2414.258847756095,1173
2416.100727168537,1226
2417.9421965758734,1199
2419.783256263912,1208
2421.623906518538,1207
2423.4641476257157,1209
2425.303979871491,1183
2427.143403541984,1145
2428.9824189233977,1161
2430.821026302012,1184
2432.6592259641866,1154
2434.497018196361,1184
2436.33440328505,1189
2438.171381516851,1196
2440.00795317844,1181
2441.844118556569,1183
2443.6798779380724,1159
2445.5152316098606,1219
2447.3501798589255,1264
2449.1847229723357,1192
2451.0188612372403,1178
2452.8525949408663,1116
2454.6859243705203,1206
2456.518849813587,1117
2458.3513715575314,1184
2460.183489889895,1179
2462.015205098301,1186
2463.8465174704493,1184
2465.67742729412,1198
2467.5079348571717,1144
2469.338040447542,1178
2471.1677443532476,1164
2472.9970468623833,1192
2474.825948263123,1145
2476.6544488437207,1140
2478.482548892508,1161
2480.310248697896,1134
2482.137548548374,1171
2483.9644487325118,1169
2485.790949538956,1196
2487.617051256433,1163
2489.44275417375,1160
2491.26805857979,1174
2493.0929647635157,1171
2494.917473013971,1200
2496.741583620276,1156
2498.5652968716304,1202
2500.3886130573137,1176
2502.2115324666834,1197
2504.0340553891765,1225
2505.856182114308,1196
2507.6779129316733,1228
2509.499248130945,1218
2511.3201880018764,1144
2513.140732834298,1174
2514.9608829181198,1173
2516.780638543331,1199
2518.6,1119
2520.418967578273,1149
2522.237541568376,1228
2524.0557222606144,1248
2525.8735099453706,1175
2527.6909049131086,1160
2529.507907454368,1180
2531.32451785977,1211
2533.140736420014,1195
2534.9565634258774,1181
2536.771999168218,1180
2538.5870439379714,1154
2540.4016980261526,1145
2542.2159617238544,1177
2544.02983532225,1190
2545.8433191125914,1140
2547.656413386209,1136
2549.4691184345115,1164
2551.2814345489874,1240
2553.093362021204,1186
2554.904901142808,1157
2556.716052205523,1130
2558.526815501153,1176
2560.3371913215824,1165
2562.147179958771,1153
2563.956781704761,1159
2565.7659968516705,1193
2567.5748256916986,1177
2569.3832685171224,1178
2571.1913256202984,1171
2572.9989972936614,1186
2574.806283829725,1130
2576.613185521084,1153
2578.4197026604074,1188
2580.2258355404483,1218
2582.031584454035,1147
2583.836949694077,1246
2585.6419315535613,1220
2587.4465303255533,1170
2589.2507463032002,1169
2591.0545797797245,1173
2592.8580310484303,1215
2594.6611004026995,1178
2596.463788135992,1209
2598.266094541849,1189
2600.0680199138874,1150
2601.869564545807,1179
2603.670728731383,1160
2605.4715127644704,1145
2607.2719169390048,1206
2609.071941548998,1176
2610.8715868885433,1189
2612.670853251811,1165
2614.469740933052,1138
2616.268250226594,1152
2618.0663814268455,1155
2619.864134828292,1156
2621.6615107255006,1190
2623.458509413115,1178
2625.2551311858597,1187
2627.0513763385347,1208
2628.8472451660223,1146
2630.6427379632833,1194
2632.4378550253564,1187
2634.232596647359,1174
2636.026963124488,1182
2637.8209547520187,1170
2639.6145718253065,1206
2641.407814639785,1121
2643.200683490966,1203
2644.9931786744414,1160
2646.7853004858807,1179
2648.577049221034,1151
2650.3684251757277,1177
2652.1594286458712,1188
2653.9500599274484,1256
2655.740319316525,1180
2657.5302071092437,1215
2659.3197236018286,1134
2661.10886909058,1163
2662.8976438718782,1173
2664.686048242183,1169
2666.4740824980327,1173
2668.2617469360443,1181
2670.0490418529134,1169
2671.8359675454153,1216
2673.622524310403,1189
2675.408712444811,1177
2677.1945322456495,1216
2678.979984010009,1161
2680.76506803506,1158
2682.5497846180497,1160
2684.334134056306,1173
2686.1181166472343,1183
2687.9017326883213,1159
2689.6849824771293,1202
2691.4678663113013,1160
2693.2503844885596,1198
2695.032537306705,1237
2696.8143250636167,1274
2698.5957480572542,1222
2700.3768065856534,1167
2702.1575009469316,1234
2703.937831439283,1180
2705.717798360982,1179
2707.4974020103837,1189
2709.276642685917,1145
2711.055520686095,1196
2712.834036309506,1193
2714.612189854819,1225
2716.389981620782,1152
2718.1674119062204,1128
2719.944481010041,1179
2721.721189231226,1194
2723.4975368688415,1155
2725.273524222027,1181
2727.0491515900053,1183
2728.824419272075,1183
2730.5993275676146,1165
2732.3738767760838,1160
2734.148067197016,1141
2735.921899130031,1125
2737.6953728748194,1121
2739.468488731156,1159
2741.2412469988926,1178
2743.0136479779617,1230
2744.785691968372,1214
2746.5573792702116,1169
2748.3287101836504,1218
2750.099685008934,1209
2751.870304046388,1221
2753.640567596418,1180
2755.4104759595057,1154
2757.1800294362156,1141
2758.949228327187,1205
2760.7180729331412,1193
2762.486563554877,1181
2764.254700493272,1217
2766.022484049284,1181
2767.789914523947,1183
2769.5569922183786,1159
2771.3237174337705,1197
2773.090090471394,1177
2774.8561116326036,1187
2776.6217812188274,1169
2778.3870995315756,1207
2780.1520668724356,1142
2781.9166835430747,1192
2783.6809498452394,1190
2785.444866080754,1196
2787.2084325515225,1206
2788.971649559527,1147
2790.73451740683,1198
2792.4970363955713,1181
2794.2592068279705,1202
2796.0210290063264,1131
2797.7825032330147,1224
2799.543629810493,1243
2801.304409041296,1168
2803.0648412280366,1157
2804.8249266734088,1137
2806.5846656801846,1163
2808.344058551212,1191
2810.1031055894246,1157
2811.8618070978273,1217
2813.6201633795085,1212
2815.378174737636,1142
2817.1358414754536,1145
2818.893163896285,1130
2820.6501423035334,1163
2822.4067770006814,1195
2824.1630682912883,1174
2825.9190164789957,1166
2827.6746218675207,1205
2829.429884760661,1186
2831.184805462294,1170
2832.9393842763743,1154
2834.693621506936,1211
2836.4475174580916,1169
2838.201072434034,1124
2839.954286739034,1159
2841.707160677441,1162
2843.459694553685,1221
2845.2118886722724,1212
2846.96374333779,1149
2848.7152588549034,1196
2850.4664355283567,1240
2852.217273662973,1205
2853.9677735636546,1219
2855.7179355353833,1204
2857.4677598832186,1177
2859.217246912299,1173
2860.9663969278427,1163
2862.715210235146,1128
2864.4636871395846,1165
2866.211827946614,1159
2867.9596329617652,1103
2869.7071024906536,1202
2871.4542368389684,1129
2873.20103631248,1127
2874.947501217038,1154
2876.6936318585695,1175
2878.4394285430812,1171
2880.1848915766604,1218
2881.9300212654707,1210
2883.6748179157553,1213
2885.4192818338374,1157
2887.1634133261173,1163
2888.907212699077,1147
2890.6506802592744,1137
2892.393816313348,1198
2894.1366211680142,1177
2895.8790951300693,1177
2897.621238506388,1171
2899.363051603925,1172
2901.1045347297118,1185
2902.8456881908596,1190
2904.58651229456,1167
2906.327007348081,1172
2908.067173658772,1215
2909.8070115340597,1183
2911.5465212814497,1209
2913.285703208527,1185
2915.0245576229563,1206
2916.7630848324807,1177
2918.5012851449196,1222
2920.2391588681758,1197
2921.976706310227,1197
2923.7139277791334,1203
2925.4508235830313,1205
2927.187394030137,1223
2928.923639428745,1240
2930.6595600872306,1187
2932.395156314046,1197
2934.1304284177218,1199
2935.8653767068713,1184
2937.6000014901815,1214
2939.3343030764227,1197
2941.068281774442,1188
2942.8019378931644,1139
2944.5352717415976,1165
2946.2682836288236,1209
2948.0009738640065,1168
2949.7333427563885,1201
2951.465390615289,1222
2953.1971177501086,1210
2954.9285244703265,1182
2956.6596110855,1182
2958.3903779052657,1162
2960.1208252393385,1231
2961.8509533975125,1155
2963.5807626896617,1194
2965.3102534257378,1165
2967.0394259157715,1203
2968.768280469873,1169
2970.496817398232,1160
2972.2250370111146,1234
2973.952939618869,1228
2975.6805255319196,1271
2977.4077950607707,1232
2979.134748516006,1162
2980.861386208289,1232
2982.587708448359,1185
2984.313715547037,1231
2986.039407815222,1179
2987.764785563891,1220
2989.489849104102,1216
2991.2145987469908,1189
2992.9390348037705,1160
2994.6631575857346,1134
2996.3869674042576,1199
2998.1104645707887,1198
2999.83364939686,1167
3001.5565221940783,1160
3003.2790832741334,1165
3005.0013329487924,1161
3006.7232715298996,1179
3008.4448993293804,1193
3010.166216659239,1200
3011.887223831558,1170
3013.607921158498,1150
3015.3283089522993,1148
3017.0483875252826,1182
3018.7681571898443,1176
3020.4876182584626,1222
3022.2067710436927,1201
3023.9256158581707,1160
3025.644153014609,1138
3027.362382825801,1148
3029.0803056046193,1124
3030.797921664012,1166
3032.5152313170106,1177
3034.2322348767225,1219
3035.9489326563353,1184
3037.665324969115,1189
3039.3814121284063,1187
3041.097194447633,1164
3042.812672240299,1149
3044.5278458199855,1160
3046.2427155003525,1171
3047.9572815951406,1162
3049.671544418167,1123
3051.38550428333,1205
3053.0991615046073,1192
3054.812516396051,1170
3056.5255692717974,1253
3058.2383204460575,1151
3059.9507702331257,1194
3061.662918947372,1201
3063.3747669032446,1153
3065.0863144152736,1150
3066.7975617980674,1107
3068.508509366309,1193
3070.219157434767,1183
3071.9295063182844,1188
3073.639556331785,1202
3075.3493077902704,1188
3077.058761008821,1167
3078.7679163025964,1196
3080.476773986837,1183
3082.1853343768594,1187
3083.89359778806,1104
3085.6015645359153,1096
3087.3092349359786,1132
3089.016609303884,1148
3090.7236879553434,1157
3092.4304712061476,1112
3094.136959372166,1137
3095.843152769349,1194
3097.5490517137237,1181
3099.2546565213966,1219
3100.959967508554,1186
3102.66498499146,1115
3104.3697092864577,1196
3106.0741407099695,1162
3107.778279578498,1137
3109.482126208622,1150
3111.1856809170004,1157
3112.8889440203716,1127
3114.5919158355528,1169
3116.294596679439,1156
3117.996986869006,1151
3119.6990867213062,1226
3121.4008965534726,1233
3123.102416682717,1162
3124.803647426329,1163
3126.5045891016784,1179
3128.205242026213,1183
3129.90560651746,1104
3131.605682893025,1121
3133.3054714705922,1122
3135.0049725679282,1143
3136.7041865028714,1128
3138.4031135933465,1150
3140.101754157353,1193
3141.800108512971,1215
3143.498176978357,1168
3145.1959598717494,1166
3146.8934575114636,1171
3148.5906702158954,1129
3150.2875983035183,1102
3151.9842420928853,1143
3153.680601902627,1214
3155.376678051456,1161
3157.07247085816,1194
3158.767980641609,1156
3160.463207720748,1154
3162.158152414606,1161
3163.8528150422862,1187
3165.5471959229726,1175
3167.2412953759303,1153
3168.9351137204976,1175
3170.628651276098,1135
3172.3219083622307,1159
3174.014885298474,1158
3175.707582404485,1104
3177.4000000000005,1136
3179.092138404835,1139
3180.7839979388846,1152
3182.47557892212,1203
3184.166881674594,1190
3185.8579065164386,1172
3187.5486537678626,1157
3189.2391237491547,1197
3190.9293167806827,1130
3192.6192331828934,1120
3194.3088732763117,1088
3195.998237381542,1101
3197.687325819268,1102
3199.376138910251,1139
3201.064676975334,1153
3202.7529403354347,1146
3204.4409293115523,1144
3206.1286442247647,1176
3207.816085396229,1107
3209.5032531471825,1137
3211.190147798936,1197
3212.8767696728846,1111
3214.5631190905015,1124
3216.2491963733373,1154
3217.9350018430214,1129
3219.6205358212637,1116
3221.305798629851,1119
3222.990790590651,1162
3224.6755120256103,1130
3226.359963256751,1145
3228.0441446061795,1142
3229.7280563960758,1076
3231.411698948703,1145
3233.0950725863995,1105
3234.778177631587,1185
3236.461014406761,1165
3238.1435832345005,1198
3239.8258844374595,1113
3241.507918338374,1127
3243.1896852600576,1127
3244.8711855254023,1156
3246.552419457381,1093
3248.233387379042,1189
3249.914089613516,1157
3251.59452648401,1167
3253.274698313813,1135
3254.95460542629,1185
3256.6342481448855,1115
3258.313626793125,1102
3259.9927416946084,1131
3261.6715931730196,1164
3263.3501815521176,1134
3265.0285071557437,1087
3266.706570307815,1132
3268.3843713323286,1198
3270.0619105533615,1130
3271.739188295068,1145
3273.4162048816834,1097
3275.0929606375184,1140
3276.769455886966,1128
3278.445690954498,1115
3280.1216661646613,1122
3281.797381842087,1128
3283.4728383114807,1169
3285.1480358976296,1114
3286.8229749253996,1148
3288.4976557197333,1115
3290.172078605655,1154
3291.846243908266,1153
3293.5201519527463,1102
3295.193803064357,1130
3296.8671975684374,1068
3298.5403357904024,1113
3300.21321805575,1121
3301.8858446900567,1122
3303.558216018975,1163
3305.23033236824,1122
3306.9021940636603,1136
3308.57380143113,1138
3310.2451547966184,1154
3311.916254486174,1146
3313.5871008259246,1170
3315.2576941420766,1139
3316.9280347609147,1088
3318.5981230088046,1142
3320.2679592121895,1203
3321.9375436975924,1178
3323.606876791612,1176
3325.27595882093,1208
3326.944790112305,1148
3328.6133709925753,1146
3330.2817017886573,1115
3331.949782827547,1146
3333.617614436319,1165
3335.2851969421245,1128
3336.952530672199,1154
3338.619615953853,1156
3340.286453114475,1119
3341.9530424815357,1159
3343.619384382583,1134
3345.2854791452437,1176
3346.951327097224,1131
3348.6169285663073,1122
3350.2822838803577,1135
3351.947393367319,1165
3353.61225735521,1149
3355.2768761721345,1180
3356.9412501462693,1172
3358.605379605873,1144
3360.2692648792827,1184
3361.9329062949146,1098
3363.596304181263,1069
